     1     1     1     1   0.31620   7.02382   2.22096   9.00000  10.00000   0.00000  16.00000
     2     1     1     2   1.36209   0.58584   0.79797   2.00000   0.00000   0.00000   5.00000
     3     1     1     3  42.15395   0.00060   0.02529   0.00000   0.00000   0.00000   2.00000
     4     1     1     5  42.24799   0.00056   0.02366   0.00000   0.00000   0.00000   1.00000
     5     1     1     6   0.98009   1.16536   1.14217   1.00000   0.00000   0.00000   9.00000
     6     1     1     7   0.36252   5.66555   2.05385   7.00000   7.00000   0.00000  14.00000
     7     1     1     8   0.21773   8.77248   1.91003   9.00000   6.00000   2.00000  17.00000
     8     1     1     9   0.20782   9.27543   1.92758   9.00000   9.00000   1.00000  18.00000
     9     1     2     1   0.25736   8.03132   2.06698   7.00000   9.00000   1.00000  16.00000
    10     1     2     2   1.89396   0.28631   0.54226   0.00000   0.00000   0.00000   4.00000
    11     1     2     3   1.96964   0.20494   0.40366   0.00000   1.00000   0.00000   1.00000
    12     1     2     4  40.81462   0.00060   0.02449   0.00000   0.00000   0.00000   1.00000
    13     1     2     5  49.99250   0.00040   0.02000   0.00000   0.00000   0.00000   1.00000
    14     1     2     6   1.35336   0.54175   0.73318   0.00000   0.00000   0.00000   6.00000
    15     1     2     7   0.32751   5.02054   1.64427   7.00000   5.00000   0.00000  12.00000
    16     1     2     8   0.21658   8.42192   1.82402   6.00000   5.00000   1.00000  16.00000
    17     1     2     9   0.34552   6.22782   2.15183   7.00000   1.00000   0.00000  14.00000
    18     1     3     1   0.23432   7.54527   1.76804   8.00000   7.00000   1.00000  16.00000
    19     1     3     2   2.38997   0.17196   0.41099   1.00000   2.00000   0.00000   3.00000
    20     1     3     4  54.22611   0.00034   0.01844   0.00000   0.00000   0.00000   1.00000
    21     1     3     6   5.43968   0.03336   0.18145   0.00000   0.00000   0.00000   2.00000
    22     1     3     7   0.37947   2.84810   1.08076   4.00000   0.00000   0.00000   8.00000
    23     1     3     8   0.24658   6.11191   1.50707   6.00000   4.00000   0.00000  12.00000
    24     1     3     9   0.27478   7.71291   2.11935   8.00000   3.00000   0.00000  16.00000
    25     1     4     1   0.31961   5.42370   1.73347   4.00000   5.00000   0.00000  14.00000
    26     1     4     2   2.12272   0.20944   0.44458   0.00000   0.00000   0.00000   4.00000
    27     1     4     4   7.48883   0.01836   0.13748   0.00000   0.00000   0.00000   2.00000
    28     1     4     5   8.00645   0.01594   0.12761   0.00000   0.00000   0.00000   2.00000
    29     1     4     6   4.13429   0.05705   0.23588   0.00000   0.00000   0.00000   2.00000
    30     1     4     7   0.36716   2.39832   0.88057   3.00000   3.00000   0.00000   7.00000
    31     1     4     8   0.32851   4.65877   1.53044   5.00000   5.00000   0.00000  12.00000
    32     1     4     9   0.29798   6.71985   2.00237   8.00000   3.00000   0.00000  15.00000
    33     1     5     1   1.69106   0.39016   0.65978   1.00000   0.00000   0.00000   6.00000
    34     1     5     2  10.07320   0.00976   0.09830   0.00000   0.00000   0.00000   1.00000
    35     1     5     4  14.19147   0.00502   0.07123   0.00000   0.00000   0.00000   2.00000
    36     1     5     5   2.76213   0.12775   0.35285   0.00000   0.00000   0.00000   4.00000
    37     1     5     6   1.18690   0.63788   0.75710   0.00000   1.00000   0.00000   5.00000
    38     1     5     7   0.32584   5.10721   1.66415   4.00000   6.00000   0.00000  13.00000
    39     1     5     8   0.25686   8.26035   2.12179   7.00000   7.00000   1.00000  17.00000
    40     1     5     9   0.29138   7.03632   2.05022   7.00000   6.00000   0.00000  15.00000
    41     1     6     1   0.71110   3.17422   2.25718   1.00000   4.00000   0.00000  11.00000
    42     1     6     2   4.14768   0.06131   0.25431   0.00000   0.00000   0.00000   3.00000
    43     1     6     5   6.49353   0.03428   0.22258   0.00000   0.00000   0.00000   4.00000
    44     1     6     6   0.63275   2.08467   1.31908   6.00000   1.00000   0.00000   9.00000
    45     1     6     7   0.31639   7.19814   2.27742  10.00000   6.00000   0.00000  16.00000
    46     1     6     8   0.21134   9.84284   2.08021  11.00000   5.00000   1.00000  18.00000
    47     1     6     9   0.19401   9.82010   1.90523  11.00000  10.00000   1.00000  18.00000
    48     2     1     1   0.57500   1.96188   1.12809   3.00000   2.00000   0.00000   8.00000
    49     2     1     2  18.23093   0.00300   0.05469   0.00000   0.00000   0.00000   1.00000
    50     2     1     3  18.47972   0.00292   0.05396   0.00000   0.00000   0.00000   1.00000
    51     2     1     5  17.22350   0.00336   0.05787   0.00000   0.00000   0.00000   1.00000
    52     2     1     6   0.88267   0.58800   0.51901   1.00000   0.00000   0.00000   3.00000
    53     2     1     7   0.64337   1.13335   0.72917   1.00000   1.00000   0.00000   5.00000
    54     2     1     8   0.58365   2.80840   1.63911   4.00000   1.00000   0.00000  12.00000
    55     2     1     9   0.73874   2.53837   1.87519   2.00000   7.00000   0.00000  11.00000
    56     2     2     1   0.85035   2.37962   2.02352   2.00000   7.00000   0.00000  11.00000
    57     2     2     2   1.87204   0.22504   0.42128   1.00000   0.00000   0.00000   2.00000
    58     2     2     3   1.24211   0.39326   0.48847   0.00000   0.00000   0.00000   1.00000
    59     2     2     4   5.87753   0.02914   0.17125   0.00000   0.00000   0.00000   2.00000
    60     2     2     5   0.35096   0.96344   0.33813   1.00000   1.00000   0.00000   2.00000
    61     2     2     6   2.95249   0.10319   0.30467   0.00000   1.00000   0.00000   2.00000
    62     2     2     7   0.84117   0.81210   0.68311   1.00000   1.00000   0.00000   4.00000
    63     2     2     8   0.27876   5.84722   1.62997   4.00000   4.00000   1.00000  12.00000
    64     2     2     9   1.96556   0.28511   0.56040   0.00000   0.00000   0.00000   4.00000
    65     2     3     1   0.43794   2.62150   1.14806   0.00000   2.00000   0.00000   8.00000
    66     2     3     2   5.16131   0.03712   0.19157   0.00000   0.00000   0.00000   2.00000
    67     2     3     4   2.98263   0.10105   0.30139   1.00000   1.00000   0.00000   1.00000
    68     2     3     5   0.39151   0.86709   0.33947   0.00000   0.00000   0.00000   1.00000
    69     2     3     7   4.12862   0.06685   0.27601   0.00000   0.00000   0.00000   3.00000
    70     2     3     8   0.54276   1.50887   0.81895   1.00000   2.00000   0.00000   6.00000
    71     2     3     9   0.64300   1.47317   0.94726   0.00000   0.00000   0.00000   7.00000
    72     2     4     1   0.44327   2.65123   1.17522   2.00000   1.00000   0.00000   8.00000
    73     2     4     4   7.62264   0.01704   0.12988   0.00000   0.00000   0.00000   2.00000
    74     2     4     5   1.23888   0.43006   0.53279   0.00000   1.00000   0.00000   3.00000
    75     2     4     6  14.94055   0.00450   0.06723   0.00000   0.00000   0.00000   2.00000
    76     2     4     7   1.91174   0.25365   0.48492   0.00000   0.00000   0.00000   2.00000
    77     2     4     8   0.88452   0.98416   0.87051   0.00000   2.00000   0.00000   6.00000
    78     2     4     9   2.11889   0.25503   0.54039   0.00000   0.00000   0.00000   4.00000
    79     2     5     1   1.65179   0.46585   0.76949   1.00000   1.00000   0.00000   5.00000
    80     2     5     4   4.86750   0.04400   0.21415   0.00000   0.00000   0.00000   2.00000
    81     2     5     5   0.30071   4.43806   1.33459   3.00000   7.00000   0.00000   9.00000
    82     2     5     6   0.62518   1.49873   0.93698   2.00000   0.00000   0.00000   6.00000
    83     2     5     7   0.91091   1.25231   1.14075   0.00000   0.00000   0.00000   6.00000
    84     2     5     8   0.77170   1.82102   1.40528   1.00000   1.00000   0.00000   8.00000
    85     2     5     9   1.31759   0.77192   1.01708   1.00000   0.00000   0.00000   9.00000
    86     2     6     1   1.15629   0.93003   1.07538   1.00000   1.00000   0.00000   7.00000
    87     2     6     2   2.29703   0.16582   0.38090   0.00000   0.00000   0.00000   3.00000
    88     2     6     4  32.60270   0.00094   0.03064   0.00000   0.00000   0.00000   1.00000
    89     2     6     5   4.63932   0.04782   0.22183   0.00000   0.00000   0.00000   3.00000
    90     2     6     6   0.77466   1.69727   1.31481   3.00000   3.00000   0.00000   7.00000
    91     2     6     7   0.46235   3.50605   1.62103   2.00000   6.00000   0.00000  10.00000
    92     2     6     8   0.44547   5.14055   2.28997   5.00000   0.00000   0.00000  14.00000
    93     2     6     9   0.62227   5.18692   3.22765   4.00000   1.00000   0.00000  16.00000
    94     3     1     1   0.57099   2.55266   1.45755   4.00000   1.00000   0.00000  10.00000
    95     3     1     2   5.00702   0.03990   0.19976   0.00000   0.00000   0.00000   2.00000
    96     3     1     3 158.11862   0.00004   0.00632   0.00000   0.00000   0.00000   1.00000
    97     3     1     4 158.11862   0.00004   0.00632   0.00000   0.00000   0.00000   1.00000
    98     3     1     5   9.49125   0.01098   0.10420   0.00000   0.00000   0.00000   1.00000
    99     3     1     6   2.77180   0.13407   0.37161   0.00000   0.00000   0.00000   3.00000
   100     3     1     7   5.58592   0.03662   0.20454   0.00000   0.00000   0.00000   4.00000
   101     3     1     8   0.73237   1.61160   1.18028   1.00000   2.00000   0.00000   9.00000
   102     3     1     9   0.48555   4.13645   2.00844   4.00000   6.00000   0.00000  14.00000
   103     3     2     1   0.95819   0.66993   0.64192   0.00000   1.00000   0.00000   4.00000
   104     3     2     2   3.01811   0.09999   0.30178   0.00000   0.00000   0.00000   2.00000
   105     3     2     3  11.72681   0.00722   0.08466   0.00000   0.00000   0.00000   1.00000
   106     3     2     4   1.93393   0.21954   0.42457   0.00000   0.00000   0.00000   2.00000
   107     3     2     5   0.55710   0.81804   0.45573   1.00000   1.00000   0.00000   3.00000
   108     3     2     6   3.07166   0.09583   0.29436   0.00000   0.00000   0.00000   1.00000
   109     3     2     7   0.50398   1.74979   0.88186   2.00000   2.00000   0.00000   6.00000
   110     3     2     8   0.61504   1.96570   1.20899   1.00000   1.00000   0.00000   7.00000
   111     3     2     9   0.58728   1.24530   0.73133   1.00000   2.00000   0.00000   7.00000
   112     3     3     1   0.95463   0.62076   0.59259   1.00000   0.00000   0.00000   4.00000
   113     3     3     2   3.59138   0.07195   0.25841   0.00000   0.00000   0.00000   1.00000
   114     3     3     6   1.59364   0.28275   0.45060   0.00000   1.00000   0.00000   2.00000
   115     3     3     7   0.23200   2.43060   0.56389   2.00000   2.00000   0.00000   5.00000
   116     3     3     8   2.00993   0.23258   0.46746   0.00000   1.00000   0.00000   4.00000
   117     3     3     9   0.95880   0.72685   0.69690   1.00000   0.00000   0.00000   3.00000
   118     3     4     1   0.33929   4.10393   1.39240   5.00000   3.00000   0.00000  10.00000
   119     3     4     2 100.00001   0.00010   0.01000   0.00000   0.00000   0.00000   1.00000
   120     3     4     5   1.07645   0.46327   0.49869   1.00000   0.00000   0.00000   2.00000
   121     3     4     6  84.51373   0.00014   0.01183   0.00000   0.00000   0.00000   1.00000
   122     3     4     7   0.35317   2.54715   0.89958   4.00000   3.00000   0.00000   7.00000
   123     3     4     8   0.48948   2.37952   1.16472   3.00000   0.00000   0.00000   7.00000
   124     3     4     9   3.16102   0.09747   0.30811   0.00000   1.00000   0.00000   3.00000
   125     3     5     1   0.70967   3.02322   2.14547   5.00000   0.00000   0.00000  12.00000
   126     3     5     2   6.90238   0.02060   0.14217   0.00000   0.00000   0.00000   2.00000
   127     3     5     3 223.61575   0.00002   0.00447   0.00000   0.00000   0.00000   1.00000
   128     3     5     4  16.54548   0.00364   0.06022   0.00000   0.00000   0.00000   1.00000
   129     3     5     5   3.07784   0.10407   0.32031   0.00000   0.00000   0.00000   3.00000
   130     3     5     6   3.65758   0.07265   0.26573   0.00000   0.00000   0.00000   3.00000
   131     3     5     7   0.74496   1.02072   0.76039   1.00000   2.00000   0.00000   5.00000
   132     3     5     8   0.98459   0.65667   0.64656   0.00000   0.00000   0.00000   4.00000
   133     3     5     9   1.87177   0.25121   0.47022   0.00000   0.00000   0.00000   4.00000
   134     3     6     1   0.38233   4.03318   1.54199   6.00000   4.00000   0.00000  12.00000
   135     3     6     2   0.93608   0.77170   0.72237   1.00000   0.00000   0.00000   4.00000
   136     3     6     3   6.91938   0.02062   0.14266   0.00000   0.00000   0.00000   2.00000
   137     3     6     4   9.16747   0.01176   0.10780   0.00000   0.00000   0.00000   1.00000
   138     3     6     5  11.92796   0.00702   0.08373   0.00000   0.00000   0.00000   2.00000
   139     3     6     6   3.69165   0.06907   0.25499   0.00000   0.00000   0.00000   2.00000
   140     3     6     7   2.20505   0.18324   0.40406   1.00000   0.00000   0.00000   3.00000
   141     3     6     8   1.82298   0.28149   0.51316   0.00000   0.00000   0.00000   4.00000
   142     3     6     9   1.75346   0.67325   1.18052   0.00000   0.00000   0.00000   9.00000
   143     4     1     1   0.54209   3.50215   1.89849   4.00000   4.00000   0.00000  11.00000
   144     4     1     2   9.12549   0.01276   0.11643   0.00000   0.00000   0.00000   2.00000
   145     4     1     3   5.61452   0.03494   0.19615   0.00000   0.00000   0.00000   3.00000
   146     4     1     4  17.24209   0.00402   0.06931   0.00000   0.00000   0.00000   3.00000
   147     4     1     5  13.93387   0.00528   0.07356   0.00000   0.00000   0.00000   2.00000
   148     4     1     6  14.43003   0.00478   0.06897   0.00000   1.00000   0.00000   1.00000
   149     4     1     7   1.23210   0.68947   0.84950   0.00000   0.00000   0.00000   5.00000
   150     4     1     8   0.43671   5.64948   2.46717   5.00000   8.00000   0.00000  16.00000
   151     4     1     9   0.63491   4.59328   2.91633   3.00000  12.00000   0.00000  17.00000
   152     4     2     1   0.49709   2.91693   1.44997   1.00000   2.00000   0.00000   9.00000
   153     4     2     2 223.61575   0.00002   0.00447   0.00000   0.00000   0.00000   1.00000
   154     4     2     4   3.63511   0.07047   0.25618   0.00000   0.00000   0.00000   2.00000
   155     4     2     5   0.40490   1.07909   0.43693   1.00000   1.00000   0.00000   3.00000
   156     4     2     6   1.10523   0.58226   0.64353   0.00000   1.00000   0.00000   4.00000
   157     4     2     7   0.92548   1.44122   1.33382   3.00000   1.00000   0.00000   7.00000
   158     4     2     8   2.09883   0.37544   0.78799   0.00000   2.00000   0.00000   7.00000
   159     4     2     9   0.71040   1.29969   0.92330   2.00000   2.00000   0.00000   8.00000
   160     4     3     1   0.42994   1.71407   0.73695   1.00000   3.00000   0.00000   6.00000
   161     4     3     2  45.63487   0.00048   0.02190   0.00000   0.00000   0.00000   1.00000
   162     4     3     3 158.11862   0.00004   0.00632   0.00000   0.00000   0.00000   1.00000
   163     4     3     5   2.13723   0.19548   0.41779   0.00000   0.00000   0.00000   3.00000
   164     4     3     6   0.36153   1.20606   0.43602   1.00000   1.00000   1.00000   4.00000
   165     4     3     7   0.92133   0.81680   0.75254   1.00000   1.00000   0.00000   5.00000
   166     4     3     8   0.29366   0.93785   0.27541   1.00000   0.00000   0.00000   2.00000
   167     4     3     9   0.21960   1.87743   0.41228   2.00000   2.00000   0.00000   4.00000
   168     4     4     1   0.29552   5.39706   1.59492   7.00000   5.00000   0.00000  13.00000
   169     4     4     2   3.33028   0.08843   0.29450   0.00000   1.00000   0.00000   3.00000
   170     4     4     3  45.63487   0.00048   0.02190   0.00000   0.00000   0.00000   1.00000
   171     4     4     5   9.40496   0.01122   0.10551   0.00000   0.00000   0.00000   2.00000
   172     4     4     6   0.42080   1.31785   0.55456   1.00000   1.00000   0.00000   5.00000
   173     4     4     7   0.49855   2.22680   1.11016   0.00000   4.00000   0.00000   6.00000
   174     4     4     8   2.71513   0.13283   0.36064   0.00000   0.00000   0.00000   3.00000
   175     4     4     9   1.18121   0.50597   0.59766   0.00000   2.00000   0.00000   2.00000
   176     4     5     1   0.32067   7.33041   2.35064   6.00000   6.00000   0.00000  17.00000
   177     4     5     2   0.78559   0.88285   0.69356   2.00000   0.00000   0.00000   4.00000
   178     4     5     3   1.36792   0.34829   0.47643   0.00000   0.00000   0.00000   1.00000
   179     4     5     4   0.41813   0.85421   0.35717   1.00000   0.00000   0.00000   2.00000
   180     4     5     5   6.08492   0.02638   0.16050   0.00000   0.00000   0.00000   2.00000
   181     4     5     6  12.21310   0.00670   0.08182   0.00000   0.00000   0.00000   2.00000
   182     4     5     7   1.51048   0.35318   0.53348   1.00000   0.00000   0.00000   4.00000
   183     4     5     8   1.41693   0.67877   0.96177   1.00000   0.00000   0.00000   6.00000
   184     4     5     9 129.10202   0.00006   0.00775   0.00000   0.00000   0.00000   1.00000
   185     4     6     1   0.24986   8.46741   2.11566   7.00000   7.00000   1.00000  16.00000
   186     4     6     2   0.52161   2.12363   1.10770   2.00000   2.00000   0.00000   8.00000
   187     4     6     3   2.09993   0.23446   0.49234   0.00000   0.00000   0.00000   5.00000
   188     4     6     4  17.12154   0.00340   0.05821   0.00000   0.00000   0.00000   1.00000
   189     4     6     5   1.02366   0.48831   0.49986   1.00000   0.00000   0.00000   1.00000
   190     4     6     6   3.20033   0.08895   0.28467   0.00000   0.00000   0.00000   1.00000
   191     4     6     7   1.51245   0.44930   0.67953   0.00000   1.00000   0.00000   4.00000
   192     4     6     8   0.33745   2.92025   0.98542   3.00000   3.00000   0.00000   7.00000
   193     4     6     9   3.03062   0.21708   0.65788   1.00000   0.00000   0.00000   7.00000
   194     5     1     1   0.54149   4.22128   2.28577   2.00000   7.00000   0.00000  13.00000
   195     5     1     2   1.51077   0.46821   0.70736   0.00000   0.00000   0.00000   4.00000
   196     5     1     3   0.60766   1.78318   1.08356   1.00000   1.00000   0.00000   7.00000
   197     5     1     4   1.92260   0.38262   0.73563   1.00000   0.00000   0.00000   6.00000
   198     5     1     5   1.82213   0.27865   0.50774   0.00000   0.00000   0.00000   4.00000
   199     5     1     6   0.46733   1.60862   0.75175   1.00000   2.00000   0.00000   6.00000
   200     5     1     7   0.40088   4.03234   1.61649   6.00000   2.00000   0.00000  11.00000
   201     5     1     8   0.22116   9.48197   2.09707  10.00000   9.00000   2.00000  17.00000
   202     5     1     9   0.23614   9.05853   2.13905   7.00000   9.00000   1.00000  17.00000
   203     5     2     1   0.57819   2.36134   1.36530   2.00000   3.00000   0.00000   9.00000
   204     5     2     2  46.61685   0.00046   0.02144   0.00000   0.00000   0.00000   1.00000
   205     5     2     3  34.49051   0.00084   0.02897   0.00000   0.00000   0.00000   1.00000
   206     5     2     4   9.25498   0.01166   0.10790   0.00000   0.00000   0.00000   2.00000
   207     5     2     5   0.88896   0.85511   0.76016   1.00000   0.00000   0.00000   4.00000
   208     5     2     6   0.38337   2.65929   1.01948   5.00000   2.00000   0.00000   8.00000
   209     5     2     7   0.42360   3.08873   1.30838   5.00000   3.00000   0.00000   9.00000
   210     5     2     8   0.89407   2.74899   2.45779   3.00000   9.00000   0.00000  14.00000
   211     5     2     9   0.64765   4.35706   2.82187   6.00000  13.00000   0.00000  16.00000
   212     5     3     1   0.83378   1.46935   1.22511   1.00000   0.00000   0.00000   6.00000
   213     5     3     2 158.11862   0.00004   0.00632   0.00000   0.00000   0.00000   1.00000
   214     5     3     3   0.24329   0.94743   0.23050   1.00000   1.00000   0.00000   2.00000
   215     5     3     4   3.66857   0.07587   0.27834   0.00000   0.00000   0.00000   3.00000
   216     5     3     5   0.42192   2.72121   1.14813   2.00000   2.00000   0.00000   8.00000
   217     5     3     6   0.44635   3.12859   1.39645   3.00000   0.00000   0.00000   9.00000
   218     5     3     7   0.97891   0.74619   0.73045   1.00000   1.00000   0.00000   4.00000
   219     5     3     8   6.74326   0.02164   0.14591   0.00000   0.00000   0.00000   2.00000
   220     5     3     9   2.34866   0.36366   0.85412   0.00000   3.00000   0.00000   8.00000
   221     5     4     1   0.78983   1.55908   1.23141   1.00000   3.00000   0.00000   8.00000
   222     5     4     2   5.78057   0.02906   0.16797   0.00000   0.00000   0.00000   1.00000
   223     5     4     3   4.14292   0.05509   0.22825   0.00000   0.00000   0.00000   2.00000
   224     5     4     5   0.29456   2.71445   0.79955   2.00000   4.00000   1.00000   7.00000
   225     5     4     6   0.20730   5.65233   1.17175   6.00000  10.00000   2.00000  11.00000
   226     5     4     7   0.31897   2.90411   0.92634   2.00000   1.00000   0.00000   7.00000
   227     5     4     9   3.06406   0.12141   0.37200   0.00000   1.00000   0.00000   3.00000
   228     5     5     1   0.47044   2.81258   1.32314   1.00000   3.00000   0.00000  10.00000
   229     5     5     2   2.25220   0.16770   0.37770   0.00000   0.00000   0.00000   3.00000
   230     5     5     3  11.10813   0.00804   0.08930   0.00000   0.00000   0.00000   1.00000
   231     5     5     4   2.42595   0.14663   0.35571   0.00000   1.00000   0.00000   2.00000
   232     5     5     5   0.37310   1.14969   0.42895   1.00000   1.00000   0.00000   3.00000
   233     5     5     6   0.41044   1.95376   0.80190   2.00000   3.00000   0.00000   6.00000
   234     5     5     7   0.41762   2.27159   0.94866   4.00000   2.00000   0.00000   6.00000
   235     5     5     8   1.02537   1.37580   1.41070   1.00000   0.00000   0.00000   8.00000
   236     5     5     9   4.97334   0.04354   0.21652   0.00000   0.00000   0.00000   4.00000
   237     5     6     1   0.28439   6.64316   1.88922   9.00000   8.00000   0.00000  14.00000
   238     5     6     2   1.15527   0.67927   0.78474   1.00000   0.00000   0.00000   6.00000
   239     5     6     3  19.04964   0.00290   0.05524   0.00000   0.00000   0.00000   2.00000
   240     5     6     4 100.00001   0.00010   0.01000   0.00000   0.00000   0.00000   1.00000
   241     5     6     5   1.21200   0.43302   0.52481   0.00000   1.00000   0.00000   2.00000
   242     5     6     6   4.20959   0.05899   0.24834   0.00000   0.00000   0.00000   2.00000
   243     5     6     7   1.36923   0.91505   1.25291   0.00000   2.00000   0.00000   7.00000
   244     5     6     8   0.49807   2.14319   1.06746   2.00000   3.00000   0.00000   8.00000
   245     5     6     9   1.18838   0.68833   0.81800   2.00000   1.00000   0.00000   6.00000
   246     6     1     1   0.40718   3.86291   1.57290   3.00000   5.00000   0.00000  10.00000
   247     6     1     2   2.17577   0.30913   0.67260   0.00000   1.00000   0.00000   5.00000
   248     6     1     3   2.22273   0.21060   0.46810   0.00000   0.00000   0.00000   5.00000
   249     6     1     4   3.05590   0.10603   0.32402   1.00000   0.00000   0.00000   3.00000
   250     6     1     5   0.62926   1.24826   0.78548   1.00000   1.00000   0.00000   6.00000
   251     6     1     6   0.34834   3.98728   1.38893   6.00000   2.00000   0.00000   9.00000
   252     6     1     7   0.37766   4.48299   1.69305   4.00000   5.00000   0.00000  13.00000
   253     6     1     8   0.20818   9.50183   1.97806   9.00000   9.00000   2.00000  18.00000
   254     6     1     9   0.17580  10.38716   1.82608  12.00000   8.00000   3.00000  18.00000
   255     6     2     1   0.38702   3.17922   1.23043   5.00000   2.00000   0.00000   8.00000
   256     6     2     2   0.58061   1.23278   0.71576   2.00000   0.00000   0.00000   4.00000
   257     6     2     3   0.37742   3.32611   1.25535   3.00000   6.00000   0.00000   7.00000
   258     6     2     4   0.48586   1.72101   0.83617   1.00000   3.00000   0.00000   6.00000
   259     6     2     5   0.38983   4.44034   1.73097   2.00000   0.00000   0.00000  12.00000
   260     6     2     6   0.47601   3.07661   1.46450   3.00000   7.00000   0.00000  11.00000
   261     6     2     7   0.59774   2.07833   1.24229   4.00000   1.00000   0.00000   8.00000
   262     6     2     8   0.28662   7.35594   2.10839   7.00000  12.00000   1.00000  15.00000
   263     6     2     9   0.20913   9.67253   2.02285   9.00000  11.00000   1.00000  18.00000
   264     6     3     1   0.93299   0.59464   0.55479   1.00000   0.00000   0.00000   5.00000
   265     6     3     2   1.19847   0.55834   0.66916   0.00000   1.00000   0.00000   4.00000
   266     6     3     3   0.76773   1.46699   1.12625   1.00000   0.00000   0.00000   6.00000
   267     6     3     4   0.64104   1.49413   0.95780   3.00000   1.00000   0.00000   6.00000
   268     6     3     5   0.29091   4.61386   1.34224   3.00000   3.00000   0.00000  11.00000
   269     6     3     6   0.66590   2.02276   1.34694   5.00000   2.00000   0.00000  10.00000
   270     6     3     7   0.59070   1.76778   1.04422   1.00000   0.00000   0.00000   7.00000
   271     6     3     8   1.55388   0.56118   0.87201   0.00000   1.00000   0.00000   8.00000
   272     6     3     9   0.52252   4.27757   2.23511   5.00000   9.00000   0.00000  16.00000
   273     6     4     1   0.87702   0.59564   0.52239   1.00000   1.00000   0.00000   2.00000
   274     6     4     2   0.27285   0.93311   0.25459   1.00000   0.00000   0.00000   2.00000
   275     6     4     4   7.30296   0.01876   0.13699   0.00000   0.00000   0.00000   2.00000
   276     6     4     5   1.40018   0.39308   0.55038   0.00000   1.00000   0.00000   3.00000
   277     6     4     6   0.77756   0.99282   0.77198   1.00000   0.00000   0.00000   5.00000
   278     6     4     7   0.56457   2.37258   1.33950   3.00000   4.00000   0.00000   8.00000
   279     6     4     8   0.96703   0.72463   0.70074   1.00000   0.00000   0.00000   4.00000
   280     6     4     9   0.40822   4.00140   1.63344   5.00000   8.00000   0.00000  12.00000
   281     6     5     1   0.84610   0.91439   0.77366   1.00000   1.00000   0.00000   6.00000
   282     6     5     2   3.60945   0.07841   0.28302   0.00000   0.00000   0.00000   3.00000
   283     6     5     3 223.61575   0.00002   0.00447   0.00000   0.00000   0.00000   1.00000
   284     6     5     5   0.82393   0.99612   0.82073   2.00000   0.00000   0.00000   3.00000
   285     6     5     6   1.14205   0.51677   0.59018   1.00000   0.00000   0.00000   4.00000
   286     6     5     7   0.48950   2.53537   1.24107   7.00000   4.00000   0.00000   9.00000
   287     6     5     8   0.59854   2.39982   1.43638   1.00000   1.00000   0.00000  11.00000
   288     6     5     9   0.66301   2.37282   1.57320   3.00000   3.00000   0.00000  12.00000
   289     6     6     1   0.27640   6.84382   1.89164   7.00000   7.00000   0.00000  15.00000
   290     6     6     2   0.73425   2.08295   1.52941   0.00000   1.00000   0.00000  10.00000
   291     6     6     3  44.71241   0.00050   0.02235   0.00000   0.00000   0.00000   1.00000
   292     6     6     5   1.23704   0.44438   0.54971   0.00000   1.00000   0.00000   2.00000
   293     6     6     6   3.74492   0.06987   0.26167   0.00000   0.00000   0.00000   2.00000
   294     6     6     7   0.46078   3.08767   1.42273   3.00000   2.00000   0.00000  10.00000
   295     6     6     8   0.27356   7.63960   2.08988   8.00000   9.00000   0.00000  17.00000
   296     6     6     9   0.23327   8.02632   1.87232   8.00000  11.00000   1.00000  17.00000
   297     7     1     1   0.73963   2.31443   1.71182   0.00000   6.00000   0.00000  11.00000
   298     7     1     2   0.35000   1.69551   0.59343   2.00000   0.00000   0.00000   4.00000
   299     7     1     3   5.50188   0.05049   0.27782   0.00000   0.00000   0.00000   4.00000
   300     7     1     4  41.51277   0.00058   0.02408   0.00000   0.00000   0.00000   1.00000
   301     7     1     5 158.11862   0.00004   0.00632   0.00000   0.00000   0.00000   1.00000
   302     7     1     6   0.84394   1.02950   0.86884   1.00000   0.00000   0.00000   5.00000
   303     7     1     7   0.38621   3.60016   1.39042   4.00000   4.00000   0.00000   9.00000
   304     7     1     8   0.17642  10.34281   1.82467  11.00000   8.00000   3.00000  19.00000
   305     7     1     9   0.17542  10.40708   1.82561  12.00000  13.00000   3.00000  18.00000
   306     7     2     1   0.48695   3.79952   1.85017   2.00000   3.00000   0.00000  10.00000
   307     7     2     2   0.78780   0.81270   0.64025   1.00000   1.00000   0.00000   4.00000
   308     7     2     3   1.92543   0.29431   0.56667   0.00000   1.00000   0.00000   5.00000
   309     7     2     4   9.68949   0.01054   0.10212   0.00000   0.00000   0.00000   1.00000
   310     7     2     5   3.92752   0.06443   0.25306   0.00000   0.00000   0.00000   3.00000
   311     7     2     6   0.52595   1.83848   0.96695   3.00000   1.00000   0.00000   5.00000
   312     7     2     7   0.61150   1.37054   0.83809   2.00000   2.00000   0.00000   6.00000
   313     7     2     8   0.18932   9.67541   1.83172   8.00000   8.00000   2.00000  17.00000
   314     7     2     9   0.17625  10.39818   1.83265  12.00000  15.00000   3.00000  19.00000
   315     7     3     1   0.59601   1.49161   0.88902   3.00000   1.00000   0.00000   6.00000
   316     7     3     2   2.62426   0.13217   0.34684   1.00000   0.00000   0.00000   2.00000
   317     7     3     3  14.90760   0.00448   0.06678   0.00000   0.00000   0.00000   1.00000
   318     7     3     4  11.48862   0.00756   0.08685   0.00000   0.00000   0.00000   2.00000
   319     7     3     5   2.94527   0.11183   0.32937   0.00000   0.00000   0.00000   3.00000
   320     7     3     6   2.53876   0.15576   0.39545   0.00000   0.00000   0.00000   4.00000
   321     7     3     7   1.66987   0.32863   0.54877   0.00000   0.00000   0.00000   3.00000
   322     7     3     8   0.29529   5.68909   1.67994   8.00000   8.00000   0.00000  13.00000
   323     7     3     9   0.18113  10.09525   1.82857  10.00000  10.00000   2.00000  18.00000
   324     7     4     1   0.81014   1.29921   1.05254   1.00000   2.00000   0.00000   5.00000
   325     7     4     2  11.41257   0.00762   0.08696   0.00000   0.00000   0.00000   1.00000
   326     7     4     3  32.60270   0.00094   0.03064   0.00000   0.00000   0.00000   1.00000
   327     7     4     4   5.42371   0.03288   0.17831   0.00000   0.00000   0.00000   1.00000
   328     7     4     5   2.10883   0.18358   0.38714   0.00000   0.00000   0.00000   1.00000
   329     7     4     6  12.13291   0.00698   0.08468   0.00000   0.00000   0.00000   2.00000
   330     7     4     7   0.56637   1.00582   0.56966   1.00000   2.00000   0.00000   4.00000
   331     7     4     8   0.47064   2.59214   1.21996   3.00000   4.00000   0.00000   8.00000
   332     7     4     9   0.22374   9.00038   2.01374  10.00000  11.00000   1.00000  18.00000
   333     7     5     1   0.71843   1.78582   1.28298   1.00000   2.00000   0.00000   8.00000
   334     7     5     2   6.00995   0.02950   0.17728   0.00000   1.00000   0.00000   3.00000
   335     7     5     4   8.43548   0.01386   0.11690   0.00000   0.00000   0.00000   1.00000
   336     7     5     5  12.91518   0.00596   0.07697   0.00000   0.00000   0.00000   1.00000
   337     7     5     6   0.59785   1.72007   1.02834   1.00000   2.00000   0.00000   7.00000
   338     7     5     7   0.42085   4.41280   1.85714   4.00000   2.00000   0.00000  12.00000
   339     7     5     8   0.41569   5.67621   2.35952   7.00000   3.00000   0.00000  15.00000
   340     7     5     9   0.25716   7.50461   1.92992   4.00000   4.00000   0.00000  15.00000
   341     7     6     1   0.30783   5.82276   1.79240   8.00000   7.00000   0.00000  14.00000
   342     7     6     2   0.70286   1.86425   1.31031   0.00000   1.00000   0.00000   8.00000
   343     7     6     3  30.67968   0.00110   0.03374   0.00000   0.00000   0.00000   2.00000
   344     7     6     5  64.54520   0.00024   0.01549   0.00000   0.00000   0.00000   1.00000
   345     7     6     6   1.30539   0.68663   0.89632   2.00000   0.00000   0.00000   7.00000
   346     7     6     7   0.35927   5.48635   1.97107   8.00000   7.00000   0.00000  16.00000
   347     7     6     8   0.17678  10.36390   1.83210  10.00000   9.00000   3.00000  18.00000
   348     7     6     9   0.17696  10.34463   1.83063  13.00000  10.00000   4.00000  17.00000
   349     8     1     1   0.28149   5.88917   1.65777   5.00000   4.00000   0.00000  14.00000
   350     8     1     2   1.87891   0.27773   0.52183   0.00000   1.00000   0.00000   4.00000
   351     8     1     4  84.51373   0.00014   0.01183   0.00000   0.00000   0.00000   1.00000
   352     8     1     5  54.22611   0.00034   0.01844   0.00000   0.00000   0.00000   1.00000
   353     8     1     6   1.03827   0.93207   0.96773   1.00000   0.00000   0.00000   6.00000
   354     8     1     7   0.21004   9.14021   1.91979  10.00000   8.00000   2.00000  18.00000
   355     8     1     8   0.17501  10.41810   1.82331   8.00000  12.00000   4.00000  18.00000
   356     8     1     9   0.17702  10.38716   1.83877  11.00000  10.00000   3.00000  18.00000
   357     8     2     1   0.59647   2.06255   1.23024   1.00000   6.00000   0.00000   8.00000
   358     8     2     2   9.79374   0.01110   0.10870   0.00000   0.00000   0.00000   2.00000
   359     8     2     4   2.22720   0.17312   0.38558   1.00000   1.00000   0.00000   2.00000
   360     8     2     5   0.61489   0.82980   0.51024   0.00000   0.00000   0.00000   2.00000
   361     8     2     6   5.96916   0.02754   0.16437   0.00000   0.00000   0.00000   2.00000
   362     8     2     7   0.25189   6.30669   1.58857   9.00000   3.00000   1.00000  13.00000
   363     8     2     8   0.18456  10.05901   1.85648  11.00000   9.00000   3.00000  18.00000
   364     8     2     9   0.17708  10.38086   1.83821  12.00000  10.00000   4.00000  18.00000
   365     8     3     1   0.98420   1.01640   1.00034   3.00000   0.00000   0.00000   6.00000
   366     8     3     2   7.84237   0.01612   0.12641   0.00000   0.00000   0.00000   2.00000
   367     8     3     4   4.62424   0.04472   0.20678   0.00000   0.00000   0.00000   2.00000
   368     8     3     5  11.79280   0.00714   0.08419   0.00000   0.00000   0.00000   1.00000
   369     8     3     6   2.65952   0.13159   0.34996   0.00000   0.00000   0.00000   2.00000
   370     8     3     7   0.66166   1.43100   0.94683   1.00000   3.00000   0.00000   7.00000
   371     8     3     8   0.46392   3.74103   1.73554   4.00000   7.00000   0.00000  12.00000
   372     8     3     9   0.17447  10.45117   1.82339   9.00000   9.00000   3.00000  19.00000
   373     8     4     1   3.82567   0.06755   0.25844   0.00000   0.00000   0.00000   3.00000
   374     8     4     2  91.28618   0.00012   0.01095   0.00000   0.00000   0.00000   1.00000
   375     8     4     3  10.47046   0.00904   0.09464   0.00000   1.00000   0.00000   1.00000
   376     8     4     4   3.52991   0.07429   0.26225   0.00000   0.00000   0.00000   1.00000
   377     8     4     5   6.58559   0.02254   0.14842   0.00000   0.00000   0.00000   1.00000
   378     8     4     6   3.44020   0.07967   0.27409   0.00000   0.00000   0.00000   3.00000
   379     8     4     7   0.29284   2.82080   0.82605   4.00000   3.00000   0.00000   6.00000
   380     8     4     8   0.41752   2.94287   1.22871   2.00000   2.00000   0.00000  10.00000
   381     8     4     9   0.35113   7.68823   2.69958   9.00000   8.00000   0.00000  16.00000
   382     8     5     1   1.91005   0.48375   0.92399   0.00000   6.00000   0.00000   8.00000
   383     8     5     2   7.51456   0.01954   0.14682   0.00000   0.00000   0.00000   3.00000
   384     8     5     4  11.79280   0.00714   0.08419   0.00000   0.00000   0.00000   1.00000
   385     8     5     5   8.22155   0.01458   0.11986   0.00000   0.00000   0.00000   1.00000
   386     8     5     6   3.00722   0.11881   0.35728   0.00000   0.00000   0.00000   3.00000
   387     8     5     7   0.38325   3.40154   1.30363   4.00000   3.00000   0.00000   9.00000
   388     8     5     8   0.42641   6.46553   2.75694   6.00000   2.00000   0.00000  16.00000
   389     8     5     9   0.36765   5.99862   2.20541   7.00000   5.00000   0.00000  16.00000
   390     8     6     1   0.29894   7.06579   2.11225   7.00000   6.00000   0.00000  15.00000
   391     8     6     2   0.74387   1.39172   1.03525   0.00000   1.00000   0.00000   8.00000
   392     8     6     3  31.47080   0.00134   0.04217   0.00000   0.00000   0.00000   2.00000
   393     8     6     5 223.61575   0.00002   0.00447   0.00000   0.00000   0.00000   1.00000
   394     8     6     6   1.17332   0.63664   0.74698   0.00000   0.00000   0.00000   5.00000
   395     8     6     7   0.30403   6.37156   1.93714   3.00000   8.00000   0.00000  14.00000
   396     8     6     8   0.18135  10.30869   1.86944  11.00000  13.00000   3.00000  18.00000
   397     8     6     9   0.18266  10.15634   1.85512   7.00000   9.00000   3.00000  18.00000
   398     9     1     1   0.38185   5.95194   2.27272   7.00000   6.00000   0.00000  15.00000
   399     9     1     2   2.63135   0.22022   0.57947   0.00000   2.00000   0.00000   6.00000
   400     9     1     3 158.11862   0.00004   0.00632   0.00000   0.00000   0.00000   1.00000
   401     9     1     5   9.26223   0.01172   0.10854   0.00000   0.00000   0.00000   2.00000
   402     9     1     6   0.64614   2.68643   1.73581   4.00000   0.00000   0.00000  10.00000
   403     9     1     7   0.26856   8.98002   2.41167   9.00000   9.00000   0.00000  17.00000
   404     9     1     8   0.17859  10.34631   1.84773   9.00000   9.00000   3.00000  18.00000
   405     9     1     9   0.17506  10.41738   1.82367   9.00000  10.00000   4.00000  18.00000
   406     9     2     1   0.89753   1.23682   1.11008   2.00000   1.00000   0.00000   6.00000
   407     9     2     2   1.43465   0.51027   0.73206   0.00000   2.00000   0.00000   4.00000
   408     9     2     3   6.50443   0.02364   0.15375   0.00000   0.00000   0.00000   2.00000
   409     9     2     4  16.87433   0.00350   0.05905   0.00000   0.00000   0.00000   1.00000
   410     9     2     5   3.48502   0.07607   0.26511   0.00000   0.00000   0.00000   1.00000
   411     9     2     6   2.95631   0.10675   0.31558   0.00000   0.00000   0.00000   3.00000
   412     9     2     7   0.42037   4.00664   1.68428   5.00000   5.00000   0.00000  12.00000
   413     9     2     8   0.17744  10.33021   1.83295  10.00000  11.00000   4.00000  18.00000
   414     9     2     9   0.17620  10.40068   1.83262   7.00000   7.00000   3.00000  18.00000
   415     9     3     1   1.17490   0.65855   0.77373   3.00000   0.00000   0.00000   4.00000
   416     9     3     2   0.70352   1.08161   0.76093   1.00000   1.00000   0.00000   3.00000
   417     9     3     3  20.62465   0.00246   0.05073   0.00000   0.00000   0.00000   3.00000
   418     9     3     4   2.31235   0.15890   0.36744   0.00000   0.00000   0.00000   2.00000
   419     9     3     5   4.43236   0.04864   0.21557   0.00000   0.00000   0.00000   2.00000
   420     9     3     6   1.11082   0.62598   0.69535   1.00000   0.00000   0.00000   2.00000
   421     9     3     7   0.83714   1.21180   1.01444   0.00000   0.00000   0.00000   6.00000
   422     9     3     8   0.23804   7.99608   1.90337  10.00000   6.00000   1.00000  15.00000
   423     9     3     9   0.17686  10.42814   1.84434  11.00000  13.00000   2.00000  18.00000
   424     9     4     1   0.48005   3.21150   1.54167   1.00000   6.00000   0.00000  10.00000
   425     9     4     2   3.25205   0.09177   0.29844   0.00000   0.00000   0.00000   2.00000
   426     9     4     4   9.25388   0.01274   0.11788   0.00000   0.00000   0.00000   2.00000
   427     9     4     5   2.55433   0.13549   0.34608   0.00000   0.00000   0.00000   2.00000
   428     9     4     6   0.83376   0.83748   0.69825   0.00000   2.00000   0.00000   3.00000
   429     9     4     7   0.51141   2.22178   1.13624   2.00000   2.00000   0.00000   7.00000
   430     9     4     8   0.37897   4.44808   1.68568   4.00000  10.00000   0.00000  13.00000
   431     9     4     9   0.22241   8.95181   1.99099   8.00000   9.00000   1.00000  17.00000
   432     9     5     1   0.26777   6.42706   1.72096   7.00000   6.00000   0.00000  14.00000
   433     9     5     2   1.18126   0.60000   0.70876   1.00000   1.00000   0.00000   5.00000
   434     9     5     3 129.10202   0.00006   0.00775   0.00000   0.00000   0.00000   1.00000
   435     9     5     4  32.60270   0.00094   0.03064   0.00000   0.00000   0.00000   1.00000
   436     9     5     5   3.87517   0.06243   0.24194   1.00000   0.00000   0.00000   1.00000
   437     9     5     6   5.25877   0.04534   0.23841   0.00000   0.00000   0.00000   4.00000
   438     9     5     7   0.53448   2.36952   1.26646   3.00000   3.00000   0.00000   8.00000
   439     9     5     8   0.30009   5.39200   1.61809   6.00000   4.00000   0.00000  14.00000
   440     9     5     9   0.22523   8.58132   1.93279   9.00000  10.00000   0.00000  18.00000
   441     9     6     1   0.31558   7.42822   2.34418   3.00000  11.00000   0.00000  17.00000
   442     9     6     2   0.54264   3.24408   1.76036   1.00000   6.00000   0.00000  12.00000
   443     9     6     3   5.91023   0.02906   0.17173   0.00000   0.00000   0.00000   2.00000
   444     9     6     4  23.16653   0.00186   0.04309   0.00000   0.00000   0.00000   1.00000
   445     9     6     6   0.78603   1.29563   1.01841   1.00000   1.00000   0.00000   7.00000
   446     9     6     7   0.28273   8.36796   2.36590   4.00000   9.00000   0.00000  16.00000
   447     9     6     8   0.18083  10.22852   1.84964  13.00000  11.00000   3.00000  17.00000
   448     9     6     9   0.17820  10.26619   1.82940  13.00000  11.00000   3.00000  19.00000
