     1     1     1     1   0.34163   7.01179   2.39544   9.00000   8.00000   0.00000  16.00000
     2     1     1     2   1.45340   0.81736   1.18795   0.00000   3.00000   0.00000   8.00000
     3     1     1     3 224.72981   0.00002   0.00445   0.00000   0.00000   0.00000   1.00000
     4     1     1     5  20.59632   0.00247   0.05077   0.00000   0.00000   0.00000   2.00000
     5     1     1     6   1.22102   1.18402   1.44571   1.00000   0.00000   0.00000   9.00000
     6     1     1     7   0.32663   6.75386   2.20603   6.00000   5.00000   0.00000  16.00000
     7     1     1     8   0.17505  10.04573   1.75849   8.00000   8.00000   2.00000  17.00000
     8     1     1     9   0.17429  10.19289   1.77650   8.00000  11.00000   1.00000  18.00000
     9     1     2     1   0.40550   6.23461   2.52812   6.00000   2.00000   0.00000  15.00000
    10     1     2     2   1.05182   0.81171   0.85377   0.00000   1.00000   0.00000   6.00000
    11     1     2     3  35.08300   0.00081   0.02848   0.00000   0.00000   0.00000   1.00000
    12     1     2     5 224.72983   0.00002   0.00445   0.00000   0.00000   0.00000   1.00000
    13     1     2     6   1.87642   0.32150   0.60326   2.00000   0.00000   0.00000   5.00000
    14     1     2     7   0.37226   4.07884   1.51839   1.00000   4.00000   0.00000  11.00000
    15     1     2     8   0.17990   8.84827   1.59179   9.00000   9.00000   3.00000  16.00000
    16     1     2     9   0.22113   8.70721   1.92539   6.00000   9.00000   1.00000  17.00000
    17     1     3     1   0.52370   4.47230   2.34215   5.00000   3.00000   0.00000  13.00000
    18     1     3     2   2.39606   0.24885   0.59626   1.00000   0.00000   0.00000   5.00000
    19     1     3     3  38.81490   0.00066   0.02575   0.00000   0.00000   0.00000   1.00000
    20     1     3     4  10.43043   0.01035   0.10791   0.00000   1.00000   0.00000   3.00000
    21     1     3     5  12.42924   0.00823   0.10226   0.00000   0.00000   0.00000   3.00000
    22     1     3     6   2.58690   0.14954   0.38685   0.00000   0.00000   0.00000   3.00000
    23     1     3     7   0.29256   3.12214   0.91342   3.00000   3.00000   0.00000   8.00000
    24     1     3     8   0.28061   5.74256   1.61141   7.00000   5.00000   0.00000  13.00000
    25     1     3     9   0.29914   6.24331   1.86763   5.00000   4.00000   0.00000  14.00000
    26     1     4     1   1.70689   0.56493   0.96427   4.00000   0.00000   0.00000   8.00000
    27     1     4     2  50.88197   0.00039   0.01965   0.00000   0.00000   0.00000   1.00000
    28     1     4     4   9.54214   0.01227   0.11705   0.00000   1.00000   0.00000   3.00000
    29     1     4     5   1.15114   0.93609   1.07758   0.00000   3.00000   0.00000   7.00000
    30     1     4     6   0.43243   2.06648   0.89360   1.00000   3.00000   0.00000   7.00000
    31     1     4     7   0.44193   2.71219   1.19859   2.00000   5.00000   0.00000   8.00000
    32     1     4     8   0.25630   5.98052   1.53281   7.00000   7.00000   0.00000  13.00000
    33     1     4     9   0.70306   2.21106   1.55451   2.00000   2.00000   0.00000  10.00000
    34     1     5     1   0.65653   2.26295   1.48570   0.00000   5.00000   0.00000   8.00000
    35     1     5     2  18.41460   0.00294   0.05415   0.00000   0.00000   0.00000   1.00000
    36     1     5     3 317.81757   0.00001   0.00315   0.00000   0.00000   0.00000   1.00000
    37     1     5     4  30.70846   0.00106   0.03253   0.00000   0.00000   0.00000   1.00000
    38     1     5     5   2.65531   0.19316   0.51290   0.00000   0.00000   0.00000   4.00000
    39     1     5     6   0.42443   2.60114   1.10401   4.00000   1.00000   0.00000   9.00000
    40     1     5     7   0.42500   4.51029   1.91688   8.00000   6.00000   0.00000  12.00000
    41     1     5     8   0.31269   5.94969   1.86043   3.00000   4.00000   0.00000  14.00000
    42     1     5     9   0.48263   3.89741   1.88099   3.00000   4.00000   0.00000  11.00000
    43     1     6     1   0.39858   6.04064   2.40767   5.00000   5.00000   0.00000  14.00000
    44     1     6     2   1.25569   0.68310   0.85776   2.00000   1.00000   0.00000   6.00000
    45     1     6     3  77.07597   0.00017   0.01297   0.00000   0.00000   0.00000   1.00000
    46     1     6     4 142.12952   0.00005   0.00704   0.00000   0.00000   0.00000   1.00000
    47     1     6     5   4.48240   0.04741   0.21252   0.00000   0.00000   0.00000   1.00000
    48     1     6     6   3.39673   0.10230   0.34748   1.00000   0.00000   0.00000   5.00000
    49     1     6     7   0.40980   4.00276   1.64034   2.00000   5.00000   0.00000  11.00000
    50     1     6     8   0.21329   8.97215   1.91371  12.00000   8.00000   2.00000  16.00000
    51     1     6     9   0.28973   8.31035   2.40773  13.00000   6.00000   0.00000  16.00000
    52     2     1     1   0.29851   7.50753   2.24106   3.00000   8.00000   0.00000  16.00000
    53     2     1     2   3.13112   0.09841   0.30812   0.00000   0.00000   0.00000   3.00000
    54     2     1     4  37.70493   0.00070   0.02650   0.00000   0.00000   0.00000   1.00000
    55     2     1     5  12.63276   0.00623   0.07867   0.00000   0.00000   0.00000   1.00000
    56     2     1     6   1.09683   0.91939   1.00842   3.00000   0.00000   0.00000   6.00000
    57     2     1     7   0.57840   2.74802   1.58945   0.00000   2.00000   0.00000   9.00000
    58     2     1     8   0.36203   6.25056   2.26289   5.00000   8.00000   0.00000  15.00000
    59     2     1     9   0.61819   2.88621   1.78422   0.00000   2.00000   0.00000  12.00000
    60     2     2     1   0.22112   6.66254   1.47321   8.00000   8.00000   1.00000  13.00000
    61     2     2     2  29.11727   0.00118   0.03430   0.00000   0.00000   0.00000   1.00000
    62     2     2     5   1.48130   0.31306   0.46374   0.00000   0.00000   0.00000   1.00000
    63     2     2     6   2.11472   0.19472   0.41177   0.00000   1.00000   0.00000   3.00000
    64     2     2     7   0.88276   0.89423   0.78939   3.00000   2.00000   0.00000   5.00000
    65     2     2     8   0.41115   4.47214   1.83871   5.00000   4.00000   0.00000  13.00000
    66     2     2     9   1.45491   0.72860   1.06005   0.00000   1.00000   0.00000   9.00000
    67     2     3     1   0.42215   2.55128   1.07702   3.00000   2.00000   0.00000   7.00000
    68     2     3     2 183.49023   0.00003   0.00545   0.00000   0.00000   0.00000   1.00000
    69     2     3     4  26.84200   0.00139   0.03720   0.00000   0.00000   0.00000   1.00000
    70     2     3     5   7.84749   0.01598   0.12539   1.00000   0.00000   0.00000   1.00000
    71     2     3     6   7.12697   0.01979   0.14104   0.00000   0.00000   0.00000   2.00000
    72     2     3     7   1.56341   0.41986   0.65642   0.00000   0.00000   0.00000   5.00000
    73     2     3     8   0.49752   2.27408   1.13140   2.00000   3.00000   0.00000   9.00000
    74     2     3     9   3.26872   0.09590   0.31348   0.00000   0.00000   0.00000   4.00000
    75     2     4     1   1.37739   0.58944   0.81189   3.00000   0.00000   0.00000   6.00000
    76     2     4     4  24.79735   0.00162   0.04026   0.00000   0.00000   0.00000   1.00000
    77     2     4     5   0.43742   2.32548   1.01721   1.00000   2.00000   0.00000   6.00000
    78     2     4     6   1.68029   0.28779   0.48356   0.00000   0.00000   0.00000   3.00000
    79     2     4     7   0.66914   1.16645   0.78052   2.00000   2.00000   0.00000   5.00000
    80     2     4     8   0.31497   3.86800   1.21829   4.00000   2.00000   0.00000   9.00000
    81     2     4     9  67.75189   0.00022   0.01476   0.00000   0.00000   0.00000   1.00000
    82     2     5     1   0.72425   1.17992   0.85456   0.00000   2.00000   0.00000   5.00000
    83     2     5     2  20.27941   0.00245   0.04959   0.00000   0.00000   0.00000   2.00000
    84     2     5     3 105.93500   0.00009   0.00944   0.00000   0.00000   0.00000   1.00000
    85     2     5     4   7.04128   0.01985   0.13977   0.00000   0.00000   0.00000   2.00000
    86     2     5     5   1.53759   0.62753   0.96488   3.00000   0.00000   0.00000   6.00000
    87     2     5     6   0.40328   1.76691   0.71256   1.00000   1.00000   0.00000   6.00000
    88     2     5     7   1.08824   0.78782   0.85734   0.00000   0.00000   0.00000   4.00000
    89     2     5     8   1.42035   0.50944   0.72358   1.00000   0.00000   0.00000   4.00000
    90     2     5     9   3.27624   0.09187   0.30100   0.00000   0.00000   0.00000   3.00000
    91     2     6     1   0.33427   3.43437   1.14800   3.00000   4.00000   0.00000  10.00000
    92     2     6     2   3.85300   0.08502   0.32759   0.00000   0.00000   0.00000   4.00000
    93     2     6     3  12.74539   0.00612   0.07798   0.00000   0.00000   0.00000   1.00000
    94     2     6     4  28.29591   0.00125   0.03530   0.00000   0.00000   0.00000   1.00000
    95     2     6     5  21.70264   0.00212   0.04598   0.00000   0.00000   0.00000   1.00000
    96     2     6     6   7.75450   0.01697   0.13158   0.00000   0.00000   0.00000   2.00000
    97     2     6     7   1.46470   0.47724   0.69902   0.00000   1.00000   0.00000   4.00000
    98     2     6     8   0.77684   1.72550   1.34043   2.00000   3.00000   0.00000   8.00000
    99     2     6     9   0.66100   2.00361   1.32438   1.00000   1.00000   0.00000  10.00000
   100     3     1     1   1.09256   1.17982   1.28902   0.00000   4.00000   0.00000   9.00000
   101     3     1     2  14.68869   0.00461   0.06777   0.00000   0.00000   0.00000   1.00000
   102     3     1     4  21.96126   0.00207   0.04544   0.00000   0.00000   0.00000   1.00000
   103     3     1     5   3.63354   0.07041   0.25584   0.00000   0.00000   0.00000   1.00000
   104     3     1     6   4.81042   0.04176   0.20088   0.00000   0.00000   0.00000   2.00000
   105     3     1     7   1.01591   1.08174   1.09895   0.00000   2.00000   0.00000   6.00000
   106     3     1     8   0.45011   4.82794   2.17311   2.00000   8.00000   0.00000  13.00000
   107     3     1     9   1.23987   0.83375   1.03374   2.00000   0.00000   0.00000   9.00000
   108     3     2     1   0.49576   1.53823   0.76259   1.00000   2.00000   0.00000   6.00000
   109     3     2     2  18.76641   0.00283   0.05314   0.00000   0.00000   0.00000   1.00000
   110     3     2     4  69.34660   0.00021   0.01442   0.00000   0.00000   0.00000   1.00000
   111     3     2     5   0.88104   0.56632   0.49895   0.00000   0.00000   0.00000   2.00000
   112     3     2     6   1.71180   0.53479   0.91546   1.00000   2.00000   0.00000   6.00000
   113     3     2     7   0.57058   1.61692   0.92259   1.00000   2.00000   0.00000   6.00000
   114     3     2     8   0.49435   4.19319   2.07291   1.00000   7.00000   0.00000  12.00000
   115     3     2     9   0.74972   0.86653   0.64965   2.00000   2.00000   0.00000   4.00000
   116     3     3     1   0.68494   1.52149   1.04212   2.00000   2.00000   0.00000   6.00000
   117     3     3     5   7.83025   0.01605   0.12566   0.00000   0.00000   0.00000   1.00000
   118     3     3     6   3.31236   0.08457   0.28012   1.00000   0.00000   0.00000   2.00000
   119     3     3     7   0.25405   3.66872   0.93202   3.00000   3.00000   0.00000   8.00000
   120     3     3     8   0.71676   1.69251   1.21312   2.00000   1.00000   0.00000   9.00000
   121     3     3     9   1.77515   0.25341   0.44985   0.00000   0.00000   0.00000   4.00000
   122     3     4     1   0.35409   4.79621   1.69829   4.00000   6.00000   0.00000  12.00000
   123     3     4     2   5.21605   0.03604   0.18797   0.00000   0.00000   0.00000   2.00000
   124     3     4     5   6.02268   0.02683   0.16158   0.00000   0.00000   0.00000   1.00000
   125     3     4     7   0.25108   3.86391   0.97016   4.00000   6.00000   1.00000   8.00000
   126     3     4     8   0.94623   0.89324   0.84521   0.00000   0.00000   0.00000   6.00000
   127     3     4     9   8.46881   0.01375   0.11646   0.00000   0.00000   0.00000   1.00000
   128     3     5     1   0.52598   2.75275   1.44790   2.00000   5.00000   0.00000   9.00000
   129     3     5     2   6.86031   0.02166   0.14860   0.00000   0.00000   0.00000   2.00000
   130     3     5     3  28.07370   0.00127   0.03558   0.00000   0.00000   0.00000   1.00000
   131     3     5     4  12.24684   0.00662   0.08111   0.00000   0.00000   0.00000   1.00000
   132     3     5     5  62.32145   0.00026   0.01604   0.00000   0.00000   0.00000   1.00000
   133     3     5     7   1.17911   0.50918   0.60038   1.00000   0.00000   0.00000   3.00000
   134     3     5     8   3.41759   0.08706   0.29754   0.00000   0.00000   0.00000   3.00000
   135     3     5     9   2.46625   0.14120   0.34822   0.00000   0.00000   0.00000   1.00000
   136     3     6     1   0.41826   4.85652   2.03127   6.00000   7.00000   0.00000  14.00000
   137     3     6     2   0.67660   2.92649   1.98007   2.00000   3.00000   0.00000  10.00000
   138     3     6     3   1.72436   0.32361   0.55803   0.00000   0.00000   0.00000   4.00000
   139     3     6     4   3.43803   0.07800   0.26818   1.00000   0.00000   0.00000   1.00000
   140     3     6     5  12.85042   0.00602   0.07735   0.00000   0.00000   0.00000   1.00000
   141     3     6     7   0.79478   1.28325   1.01991   1.00000   2.00000   0.00000   6.00000
   142     3     6     8   0.79462   1.37178   1.09004   0.00000   3.00000   0.00000   8.00000
   143     3     6     9   1.01135   0.65611   0.66355   2.00000   0.00000   0.00000   5.00000
   144     4     1     1   0.76336   2.18279   1.66625   3.00000   0.00000   0.00000  10.00000
   145     4     1     2   2.52815   0.16781   0.42424   0.00000   0.00000   0.00000   4.00000
   146     4     1     3  27.23441   0.00135   0.03667   0.00000   0.00000   0.00000   1.00000
   147     4     1     4  10.03599   0.00983   0.09866   0.00000   0.00000   0.00000   1.00000
   148     4     1     5  22.56428   0.00196   0.04423   0.00000   0.00000   0.00000   1.00000
   149     4     1     6  28.99165   0.00121   0.03502   0.00000   0.00000   0.00000   2.00000
   150     4     1     7   2.84999   0.13350   0.38048   0.00000   0.00000   0.00000   3.00000
   151     4     1     8   0.63035   2.40387   1.51528   4.00000   2.00000   0.00000   9.00000
   152     4     1     9   0.49696   2.40129   1.19334   1.00000   1.00000   0.00000   8.00000
   153     4     2     1   1.59906   0.36964   0.59108   0.00000   0.00000   0.00000   5.00000
   154     4     2     2   5.88186   0.03060   0.17999   0.00000   0.00000   0.00000   3.00000
   155     4     2     3  46.34790   0.00047   0.02157   0.00000   0.00000   0.00000   1.00000
   156     4     2     4 317.81757   0.00001   0.00315   0.00000   0.00000   0.00000   1.00000
   157     4     2     6   3.89222   0.06869   0.26734   0.00000   1.00000   0.00000   3.00000
   158     4     2     7   0.34311   2.88717   0.99061   5.00000   3.00000   0.00000   9.00000
   159     4     2     8   0.78264   1.93616   1.51532   2.00000   3.00000   0.00000   9.00000
   160     4     2     9   1.17358   0.70433   0.82659   1.00000   1.00000   0.00000   6.00000
   161     4     3     1   0.59332   2.10998   1.25189   2.00000   4.00000   0.00000   9.00000
   162     4     3     2  14.76850   0.00456   0.06740   0.00000   0.00000   0.00000   1.00000
   163     4     3     5   1.46554   0.33788   0.49518   0.00000   0.00000   0.00000   3.00000
   164     4     3     6   0.37215   1.28636   0.47871   2.00000   1.00000   1.00000   4.00000
   165     4     3     7   0.39808   1.90199   0.75713   0.00000   2.00000   0.00000   8.00000
   166     4     3     8   0.34867   1.57643   0.54965   1.00000   2.00000   0.00000   4.00000
   167     4     3     9   0.57465   1.68355   0.96745   1.00000   1.00000   0.00000   6.00000
   168     4     4     1   0.36569   6.61044   2.41735   1.00000  11.00000   0.00000  15.00000
   169     4     4     2   1.78134   0.27418   0.48841   0.00000   0.00000   0.00000   4.00000
   170     4     4     3   6.07237   0.02640   0.16033   0.00000   0.00000   0.00000   1.00000
   171     4     4     5 112.36158   0.00008   0.00890   0.00000   0.00000   0.00000   1.00000
   172     4     4     6   0.40392   1.99916   0.80750   1.00000   2.00000   1.00000   6.00000
   173     4     4     7   0.42274   2.13472   0.90244   2.00000   3.00000   0.00000   7.00000
   174     4     4     8   1.08743   0.45884   0.49896   0.00000   1.00000   0.00000   2.00000
   175     4     4     9   0.85818   0.63417   0.54423   0.00000   1.00000   0.00000   3.00000
   176     4     5     1   0.25624   7.78116   1.99388  10.00000   9.00000   1.00000  16.00000
   177     4     5     2   0.76354   0.76353   0.58298   1.00000   1.00000   0.00000   4.00000
   178     4     5     3   2.12155   0.18179   0.38567   0.00000   0.00000   0.00000   1.00000
   179     4     5     4   0.02203   0.99951   0.02202   1.00000   1.00000   0.00000   1.00000
   180     4     5     6   0.55519   1.20167   0.66715   1.00000   2.00000   0.00000   3.00000
   181     4     5     7   0.64194   0.94811   0.60863   0.00000   1.00000   0.00000   4.00000
   182     4     5     8   0.80223   1.05851   0.84917   2.00000   1.00000   0.00000   5.00000
   183     4     6     1   0.19720   8.99781   1.77436   8.00000   6.00000   1.00000  16.00000
   184     4     6     2   0.87219   1.02687   0.89562   3.00000   2.00000   0.00000   7.00000
   185     4     6     3   6.65226   0.02420   0.16096   0.00000   0.00000   0.00000   3.00000
   186     4     6     4 120.12019   0.00007   0.00832   0.00000   0.00000   0.00000   1.00000
   187     4     6     6  79.44849   0.00016   0.01258   0.00000   0.00000   0.00000   1.00000
   188     4     6     7   1.06024   1.50543   1.59612   0.00000   2.00000   0.00000  10.00000
   189     4     6     8   0.39634   2.59344   1.02787   2.00000   2.00000   0.00000   7.00000
   190     4     6     9   2.21769   0.27998   0.62090   0.00000   1.00000   0.00000   5.00000
   191     5     1     1   0.30183   7.44720   2.24776   6.00000   2.00000   0.00000  16.00000
   192     5     1     2   1.01097   1.03646   1.04783   0.00000   1.00000   0.00000   7.00000
   193     5     1     3  41.71972   0.00057   0.02396   0.00000   0.00000   0.00000   1.00000
   194     5     1     4  23.34512   0.00183   0.04276   0.00000   0.00000   0.00000   1.00000
   195     5     1     5  14.27888   0.00488   0.06969   0.00000   0.00000   0.00000   1.00000
   196     5     1     6   3.20950   0.13721   0.44036   0.00000   0.00000   0.00000   5.00000
   197     5     1     7   0.80146   1.27045   1.01821   0.00000   1.00000   0.00000   7.00000
   198     5     1     8   0.17082   9.58087   1.63659   9.00000  11.00000   3.00000  16.00000
   199     5     1     9   0.30987   6.96666   2.15877   6.00000   5.00000   0.00000  16.00000
   200     5     2     1   0.39479   3.35670   1.32518   4.00000   4.00000   0.00000   9.00000
   201     5     2     2  10.83301   0.00864   0.09363   0.00000   0.00000   0.00000   2.00000
   202     5     2     3 224.72981   0.00002   0.00445   0.00000   0.00000   0.00000   1.00000
   203     5     2     4  55.31617   0.00033   0.01807   0.00000   0.00000   0.00000   1.00000
   204     5     2     5  50.24166   0.00040   0.01990   0.00000   0.00000   0.00000   1.00000
   205     5     2     6   0.75403   1.18376   0.89258   0.00000   2.00000   0.00000   5.00000
   206     5     2     7   0.72309   2.84520   2.05734   1.00000   4.00000   0.00000  11.00000
   207     5     2     8   0.52695   2.84444   1.49888   0.00000   2.00000   0.00000  11.00000
   208     5     2     9   0.34617   5.56243   1.92552   5.00000   5.00000   0.00000  13.00000
   209     5     3     1   1.54725   0.43419   0.67180   0.00000   0.00000   0.00000   4.00000
   210     5     3     2  16.76747   0.00354   0.05943   0.00000   0.00000   0.00000   1.00000
   211     5     3     4   0.03777   0.99949   0.03775   1.00000   1.00000   0.00000   2.00000
   212     5     3     5   1.00084   0.85899   0.85971   2.00000   1.00000   0.00000   6.00000
   213     5     3     6   0.29220   4.46585   1.30492   5.00000   3.00000   1.00000  11.00000
   214     5     3     7   0.49407   2.05397   1.01480   2.00000   1.00000   0.00000   7.00000
   215     5     3     8   3.90174   0.06184   0.24127   1.00000   0.00000   0.00000   2.00000
   216     5     3     9   1.27766   1.01644   1.29867   0.00000   1.00000   0.00000   7.00000
   217     5     4     1   0.58803   1.77358   1.04292   1.00000   2.00000   0.00000   6.00000
   218     5     4     2  19.13911   0.00272   0.05211   0.00000   0.00000   0.00000   1.00000
   219     5     4     3  16.25163   0.00377   0.06130   0.00000   0.00000   0.00000   1.00000
   220     5     4     4 105.93500   0.00009   0.00944   0.00000   0.00000   0.00000   1.00000
   221     5     4     5   0.25857   2.62916   0.67983   4.00000   3.00000   1.00000   6.00000
   222     5     4     6   0.20626   6.33259   1.30619   9.00000   8.00000   2.00000  12.00000
   223     5     4     7   0.28382   4.07783   1.15737   3.00000   4.00000   0.00000   9.00000
   224     5     4     8   8.84432   0.01266   0.11199   0.00000   0.00000   0.00000   2.00000
   225     5     4     9   1.29112   0.42511   0.54887   1.00000   0.00000   0.00000   3.00000
   226     5     5     1   0.86745   1.43572   1.24542   0.00000   1.00000   0.00000   7.00000
   227     5     5     2   3.19719   0.09003   0.28785   0.00000   0.00000   0.00000   2.00000
   228     5     5     3   5.50289   0.03197   0.17591   0.00000   0.00000   0.00000   1.00000
   229     5     5     4   2.15380   0.17734   0.38196   0.00000   0.00000   0.00000   1.00000
   230     5     5     6   0.70831   1.02115   0.72329   1.00000   0.00000   0.00000   5.00000
   231     5     5     7   0.41449   2.28873   0.94865   3.00000   2.00000   0.00000   8.00000
   232     5     5     8   1.24188   0.60237   0.74807   1.00000   0.00000   0.00000   5.00000
   233     5     5     9   1.32709   0.65444   0.86849   0.00000   1.00000   0.00000   5.00000
   234     5     6     1   0.32438   6.04547   1.96104   9.00000   3.00000   0.00000  13.00000
   235     5     6     2   0.96207   0.71609   0.68893   0.00000   1.00000   0.00000   5.00000
   236     5     6     3  84.93485   0.00014   0.01177   0.00000   0.00000   0.00000   1.00000
   237     5     6     4  32.42186   0.00095   0.03081   0.00000   0.00000   0.00000   1.00000
   238     5     6     5   8.47809   0.01372   0.11633   0.00000   0.00000   0.00000   1.00000
   239     5     6     6   2.07098   0.24016   0.49736   0.00000   0.00000   0.00000   4.00000
   240     5     6     7   0.39928   3.66892   1.46492   3.00000   5.00000   0.00000   9.00000
   241     5     6     8   0.37353   4.60419   1.71981   3.00000   7.00000   0.00000  13.00000
   242     5     6     9   0.44397   4.28368   1.90181   4.00000   6.00000   0.00000  14.00000
   243     6     1     1   0.58505   5.46294   3.19611   0.00000   7.00000   0.00000  15.00000
   244     6     1     2   2.05008   0.31220   0.64003   0.00000   0.00000   0.00000   4.00000
   245     6     1     3 317.81757   0.00001   0.00315   0.00000   0.00000   0.00000   1.00000
   246     6     1     4  32.94114   0.00092   0.03033   0.00000   0.00000   0.00000   1.00000
   247     6     1     5   6.59278   0.02447   0.16135   0.00000   0.00000   0.00000   2.00000
   248     6     1     6   0.62140   1.51651   0.94235   1.00000   2.00000   0.00000   7.00000
   249     6     1     7   0.60299   3.72061   2.24348   7.00000   2.00000   0.00000  14.00000
   250     6     1     8   0.20300   9.32882   1.89372   9.00000  11.00000   2.00000  17.00000
   251     6     1     9   0.15403  10.61303   1.63471  12.00000  14.00000   4.00000  18.00000
   252     6     2     1   0.42868   3.63920   1.56004   2.00000   2.00000   0.00000  10.00000
   253     6     2     2   7.73856   0.01644   0.12725   0.00000   0.00000   0.00000   2.00000
   254     6     2     3   1.23746   0.48120   0.59547   2.00000   1.00000   0.00000   4.00000
   255     6     2     4   1.32643   0.40778   0.54089   1.00000   1.00000   0.00000   3.00000
   256     6     2     5   2.09351   0.39013   0.81675   0.00000   0.00000   0.00000   6.00000
   257     6     2     6   0.43543   4.04581   1.76166   1.00000   5.00000   0.00000  10.00000
   258     6     2     7   0.36776   3.40875   1.25361   1.00000   4.00000   0.00000   9.00000
   259     6     2     8   0.32549   6.56996   2.13844   4.00000   8.00000   0.00000  16.00000
   260     6     2     9   0.19936   9.57995   1.90981   9.00000  10.00000   2.00000  17.00000
   261     6     3     1   0.54777   1.63716   0.89679   1.00000   2.00000   0.00000   6.00000
   262     6     3     2   4.97484   0.03940   0.19602   0.00000   0.00000   0.00000   2.00000
   263     6     3     3   0.50850   2.06945   1.05232   1.00000   1.00000   0.00000   6.00000
   264     6     3     4   0.40808   3.54384   1.44618   3.00000   4.00000   0.00000   9.00000
   265     6     3     5   0.78747   2.04733   1.61221   3.00000   0.00000   0.00000  10.00000
   266     6     3     6   1.34295   0.52743   0.70831   2.00000   0.00000   0.00000   5.00000
   267     6     3     7   0.76817   2.08616   1.60252   2.00000   1.00000   0.00000   8.00000
   268     6     3     8   0.43041   2.98295   1.28391   2.00000   1.00000   0.00000  10.00000
   269     6     3     9   0.42328   4.40716   1.86548   3.00000   5.00000   0.00000  13.00000
   270     6     4     1   6.14129   0.02587   0.15887   0.00000   0.00000   0.00000   2.00000
   271     6     4     3 158.90642   0.00004   0.00629   0.00000   0.00000   0.00000   1.00000
   272     6     4     4   2.79661   0.25011   0.69945   0.00000   0.00000   0.00000   5.00000
   273     6     4     5   0.86548   0.91880   0.79520   0.00000   1.00000   0.00000   5.00000
   274     6     4     6   1.08538   0.67566   0.73335   2.00000   1.00000   0.00000   5.00000
   275     6     4     7   0.42159   2.47509   1.04347   4.00000   3.00000   0.00000   7.00000
   276     6     4     8   1.13797   0.66407   0.75569   0.00000   1.00000   0.00000   5.00000
   277     6     4     9   0.46097   3.53791   1.63086   7.00000   3.00000   0.00000  10.00000
   278     6     5     1   0.51219   1.03833   0.53183   1.00000   1.00000   0.00000   5.00000
   279     6     5     2  11.98331   0.00711   0.08518   0.00000   0.00000   0.00000   3.00000
   280     6     5     4   2.13786   0.17952   0.38379   1.00000   0.00000   0.00000   1.00000
   281     6     5     5  36.44263   0.00075   0.02742   0.00000   0.00000   0.00000   1.00000
   282     6     5     6   1.26072   0.61835   0.77957   1.00000   0.00000   0.00000   5.00000
   283     6     5     7   0.32134   4.23144   1.35972   5.00000   4.00000   0.00000  10.00000
   284     6     5     8   0.61533   2.15698   1.32724   4.00000   3.00000   0.00000   9.00000
   285     6     5     9   0.42003   5.21846   2.19190   4.00000   4.00000   0.00000  15.00000
   286     6     6     1   0.38428   4.53678   1.74339   5.00000   5.00000   0.00000  13.00000
   287     6     6     2   1.63632   0.59482   0.97332   2.00000   0.00000   0.00000   7.00000
   288     6     6     3  38.64215   0.00077   0.02984   0.00000   0.00000   0.00000   2.00000
   289     6     6     4  10.24647   0.00945   0.09688   0.00000   0.00000   0.00000   2.00000
   290     6     6     5   0.76081   0.91547   0.69650   1.00000   0.00000   0.00000   3.00000
   291     6     6     6   0.91498   1.26771   1.15992   0.00000   0.00000   0.00000   6.00000
   292     6     6     7   0.25903   6.48704   1.68034   4.00000   4.00000   1.00000  14.00000
   293     6     6     8   0.31180   7.61367   2.37392  10.00000  10.00000   0.00000  16.00000
   294     6     6     9   0.20165   8.57102   1.72839  10.00000   9.00000   1.00000  17.00000
   295     7     1     1   0.36200   5.00461   1.81169   3.00000   6.00000   0.00000  13.00000
   296     7     1     2   2.83728   0.19552   0.55474   2.00000   0.00000   0.00000   3.00000
   297     7     1     3 317.81757   0.00001   0.00315   0.00000   0.00000   0.00000   1.00000
   298     7     1     4  91.74104   0.00012   0.01090   0.00000   0.00000   0.00000   1.00000
   299     7     1     5   6.41015   0.02592   0.16614   0.00000   0.00000   0.00000   3.00000
   300     7     1     6   0.61520   1.38021   0.84911   2.00000   1.00000   0.00000   5.00000
   301     7     1     7   0.47361   4.18781   1.98339   5.00000   4.00000   0.00000  13.00000
   302     7     1     8   0.24138   9.13938   2.20608  13.00000   8.00000   0.00000  17.00000
   303     7     1     9   0.15435  10.58040   1.63306   9.00000  11.00000   4.00000  18.00000
   304     7     2     1   0.34071   4.33755   1.47784   4.00000   2.00000   0.00000  11.00000
   305     7     2     2   0.79602   0.66424   0.52875   1.00000   1.00000   0.00000   3.00000
   306     7     2     3   3.52216   0.07929   0.27927   0.00000   1.00000   0.00000   3.00000
   307     7     2     4   7.93671   0.01590   0.12619   0.00000   0.00000   0.00000   2.00000
   308     7     2     5   6.23827   0.02567   0.16014   0.00000   0.00000   0.00000   2.00000
   309     7     2     6   1.05080   0.82088   0.86257   0.00000   0.00000   0.00000   6.00000
   310     7     2     7   0.48524   3.20588   1.55562   2.00000   5.00000   0.00000  11.00000
   311     7     2     8   0.15814  10.25820   1.62227  12.00000   9.00000   4.00000  17.00000
   312     7     2     9   0.15365  10.57789   1.62531  11.00000   9.00000   4.00000  17.00000
   313     7     3     1   0.93097   1.23921   1.15367   1.00000   0.00000   0.00000   7.00000
   314     7     3     2   0.72525   1.13515   0.82326   2.00000   1.00000   0.00000   5.00000
   315     7     3     3   0.74190   1.90577   1.41390   0.00000   4.00000   0.00000   7.00000
   316     7     3     4   2.25644   0.21697   0.48958   1.00000   0.00000   0.00000   4.00000
   317     7     3     5   2.73997   0.13521   0.37046   0.00000   0.00000   0.00000   3.00000
   318     7     3     6   4.13421   0.05607   0.23182   0.00000   0.00000   0.00000   2.00000
   319     7     3     7   1.40871   0.41029   0.57798   1.00000   1.00000   0.00000   4.00000
   320     7     3     8   0.24550   7.32329   1.79784   6.00000   7.00000   1.00000  15.00000
   321     7     3     9   0.15617  10.40547   1.62500  10.00000  13.00000   3.00000  18.00000
   322     7     4     1   1.05454   0.72500   0.76454   0.00000   0.00000   0.00000   5.00000
   323     7     4     4  22.45095   0.00198   0.04445   0.00000   0.00000   0.00000   1.00000
   324     7     4     5  14.41167   0.00479   0.06906   0.00000   0.00000   0.00000   1.00000
   325     7     4     6  14.81576   0.00459   0.06806   0.00000   0.00000   0.00000   2.00000
   326     7     4     7   2.82627   0.12273   0.34687   0.00000   0.00000   0.00000   3.00000
   327     7     4     8   0.32772   3.77871   1.23837   4.00000   5.00000   0.00000   9.00000
   328     7     4     9   0.15969  10.31044   1.64646  10.00000  11.00000   3.00000  17.00000
   329     7     5     1   0.34048   4.54134   1.54622   5.00000   4.00000   1.00000  11.00000
   330     7     5     2   7.98358   0.01604   0.12804   0.00000   0.00000   0.00000   2.00000
   331     7     5     5  14.93207   0.00446   0.06667   0.00000   0.00000   0.00000   1.00000
   332     7     5     6   0.62517   1.42584   0.89140   2.00000   2.00000   0.00000   5.00000
   333     7     5     7   0.56482   1.91825   1.08346   3.00000   2.00000   0.00000   7.00000
   334     7     5     8   0.53379   2.77175   1.47953   2.00000   3.00000   0.00000   9.00000
   335     7     5     9   0.39815   6.51283   2.59310   4.00000   6.00000   0.00000  16.00000
   336     7     6     1   0.35766   5.80288   2.07548   4.00000   5.00000   0.00000  14.00000
   337     7     6     2   0.90764   1.22187   1.10902   0.00000   0.00000   0.00000   7.00000
   338     7     6     3  33.11984   0.00091   0.03017   0.00000   0.00000   0.00000   1.00000
   339     7     6     5  32.42186   0.00095   0.03081   0.00000   0.00000   0.00000   1.00000
   340     7     6     6   1.07820   0.76724   0.82724   0.00000   0.00000   0.00000   6.00000
   341     7     6     7   0.54979   3.47007   1.90782   7.00000   4.00000   0.00000  13.00000
   342     7     6     8   0.42563   5.77027   2.45597   5.00000   8.00000   0.00000  16.00000
   343     7     6     9   0.40263   5.72144   2.30360  11.00000   7.00000   0.00000  16.00000
   344     8     1     1   0.39142   4.80512   1.88082   5.00000   4.00000   0.00000  12.00000
   345     8     1     2   0.54671   1.55865   0.85214   0.00000   2.00000   0.00000   6.00000
   346     8     1     3   2.10844   0.18364   0.38719   0.00000   0.00000   0.00000   1.00000
   347     8     1     4  49.62494   0.00041   0.02014   0.00000   0.00000   0.00000   1.00000
   348     8     1     5   7.88431   0.01601   0.12622   0.00000   0.00000   0.00000   2.00000
   349     8     1     6   0.68609   1.86915   1.28240   2.00000   2.00000   0.00000   8.00000
   350     8     1     7   0.19494   8.95731   1.74616  10.00000   6.00000   2.00000  16.00000
   351     8     1     8   0.15411  10.61057   1.63515  10.00000  11.00000   4.00000  18.00000
   352     8     1     9   0.15512  10.58627   1.64210  10.00000  12.00000   3.00000  18.00000
   353     8     2     1   0.66360   2.70311   1.79378   5.00000   1.00000   0.00000  12.00000
   354     8     2     2   1.17773   0.53991   0.63587   0.00000   0.00000   0.00000   3.00000
   355     8     2     3  57.07325   0.00031   0.01752   0.00000   0.00000   0.00000   1.00000
   356     8     2     4   7.47513   0.01816   0.13572   0.00000   0.00000   0.00000   2.00000
   357     8     2     5   3.52299   0.11356   0.40008   0.00000   0.00000   0.00000   3.00000
   358     8     2     6   1.07930   0.74572   0.80485   0.00000   1.00000   0.00000   4.00000
   359     8     2     7   0.25217   6.15881   1.55307   7.00000   5.00000   1.00000  12.00000
   360     8     2     8   0.15345  10.54089   1.61753  14.00000  10.00000   3.00000  17.00000
   361     8     2     9   0.15458  10.58036   1.63552   9.00000  11.00000   4.00000  18.00000
   362     8     3     1   0.30790   5.55901   1.71161   3.00000   6.00000   0.00000  13.00000
   363     8     3     2   8.83298   0.01283   0.11333   0.00000   0.00000   0.00000   2.00000
   364     8     3     3   9.85226   0.01020   0.10046   0.00000   0.00000   0.00000   1.00000
   365     8     3     4   2.77163   0.12306   0.34107   1.00000   0.00000   0.00000   3.00000
   366     8     3     5   0.53521   0.91027   0.48719   0.00000   1.00000   0.00000   3.00000
   367     8     3     6   3.73034   0.09237   0.34456   0.00000   0.00000   0.00000   3.00000
   368     8     3     7   0.34485   3.65445   1.26022   3.00000   5.00000   0.00000  10.00000
   369     8     3     8   0.24982   9.12561   2.27979   6.00000  12.00000   0.00000  17.00000
   370     8     3     9   0.15387  10.61866   1.63391  10.00000   8.00000   3.00000  17.00000
   371     8     4     1   1.50054   0.44366   0.66574   1.00000   0.00000   0.00000   5.00000
   372     8     4     2  13.61473   0.00539   0.07332   0.00000   0.00000   0.00000   2.00000
   373     8     4     3 105.93500   0.00009   0.00944   0.00000   0.00000   0.00000   1.00000
   374     8     4     4  15.03285   0.00441   0.06623   0.00000   0.00000   0.00000   1.00000
   375     8     4     5   1.78027   0.30569   0.54420   1.00000   0.00000   0.00000   3.00000
   376     8     4     6  16.49139   0.00370   0.06106   0.00000   0.00000   0.00000   2.00000
   377     8     4     7   1.17200   0.77835   0.91222   0.00000   0.00000   0.00000   5.00000
   378     8     4     8   0.50409   3.42619   1.72710   5.00000   1.00000   0.00000  11.00000
   379     8     4     9   0.16418  10.46115   1.71750   9.00000  11.00000   2.00000  18.00000
   380     8     5     1   3.02005   0.11703   0.35343   0.00000   1.00000   0.00000   4.00000
   381     8     5     2 158.90642   0.00004   0.00629   0.00000   0.00000   0.00000   1.00000
   382     8     5     4 120.12019   0.00007   0.00832   0.00000   0.00000   0.00000   1.00000
   383     8     5     5   6.83142   0.02098   0.14331   0.00000   0.00000   0.00000   1.00000
   384     8     5     6  10.12564   0.01040   0.10526   0.00000   0.00000   0.00000   2.00000
   385     8     5     7   0.50743   2.86665   1.45462   4.00000   4.00000   0.00000   8.00000
   386     8     5     8   0.58540   2.90524   1.70074   1.00000   2.00000   0.00000  12.00000
   387     8     5     9   0.32519   7.00299   2.27729   3.00000   6.00000   0.00000  16.00000
   388     8     6     1   0.80278   2.43635   1.95586   7.00000   2.00000   0.00000  12.00000
   389     8     6     2   2.48576   0.19210   0.47752   1.00000   0.00000   0.00000   4.00000
   390     8     6     3 129.74527   0.00006   0.00771   0.00000   0.00000   0.00000   1.00000
   391     8     6     6   5.82211   0.02965   0.17263   0.00000   0.00000   0.00000   2.00000
   392     8     6     7   0.66030   2.00787   1.32579   5.00000   1.00000   0.00000   9.00000
   393     8     6     8   0.46089   4.96281   2.28733  10.00000   3.00000   0.00000  15.00000
   394     8     6     9   0.27900   8.07670   2.25344  10.00000   4.00000   0.00000  16.00000
   395     9     1     1   0.24410   8.76014   2.13835  12.00000  11.00000   0.00000  17.00000
   396     9     1     2   0.51211   3.03031   1.55184   1.00000   2.00000   0.00000  10.00000
   397     9     1     3   8.43074   0.01411   0.11894   0.00000   0.00000   0.00000   2.00000
   398     9     1     4 158.90642   0.00004   0.00629   0.00000   0.00000   0.00000   1.00000
   399     9     1     5   1.32162   0.37516   0.49582   0.00000   0.00000   0.00000   2.00000
   400     9     1     6   0.84959   1.28359   1.09053   2.00000   1.00000   0.00000   8.00000
   401     9     1     7   0.23565   8.32978   1.96291  10.00000   9.00000   0.00000  16.00000
   402     9     1     8   0.15485  10.57295   1.63727   7.00000  11.00000   4.00000  18.00000
   403     9     1     9   0.15475  10.57713   1.63677  12.00000  10.00000   3.00000  17.00000
   404     9     2     1   0.24891   7.07584   1.76126   6.00000  10.00000   1.00000  14.00000
   405     9     2     2   1.27784   0.67519   0.86278   0.00000   3.00000   0.00000   6.00000
   406     9     2     3  88.14150   0.00013   0.01134   0.00000   0.00000   0.00000   1.00000
   407     9     2     4  37.70493   0.00070   0.02650   0.00000   0.00000   0.00000   1.00000
   408     9     2     5  17.46185   0.00335   0.05843   0.00000   0.00000   0.00000   2.00000
   409     9     2     6   1.92528   0.28909   0.55658   0.00000   0.00000   0.00000   5.00000
   410     9     2     7   0.32969   7.43993   2.45287   7.00000   9.00000   0.00000  16.00000
   411     9     2     8   0.15494  10.58863   1.64062  13.00000  13.00000   3.00000  18.00000
   412     9     2     9   0.15372  10.58259   1.62672   8.00000  11.00000   4.00000  17.00000
   413     9     3     1   0.59419   3.12139   1.85471   0.00000   3.00000   0.00000  11.00000
   414     9     3     2   1.74518   0.30502   0.53232   0.00000   0.00000   0.00000   3.00000
   415     9     3     3  66.26232   0.00023   0.01509   0.00000   0.00000   0.00000   1.00000
   416     9     3     4  11.98724   0.00774   0.09280   0.00000   0.00000   0.00000   2.00000
   417     9     3     5   2.95931   0.11230   0.33232   0.00000   1.00000   0.00000   3.00000
   418     9     3     6   7.69390   0.01661   0.12781   0.00000   0.00000   0.00000   1.00000
   419     9     3     7   0.64679   2.91514   1.88547   0.00000   2.00000   0.00000  13.00000
   420     9     3     8   0.15374  10.62390   1.63333  12.00000  10.00000   4.00000  18.00000
   421     9     3     9   0.15475  10.57663   1.63676  11.00000   8.00000   4.00000  17.00000
   422     9     4     1   0.71326   1.25625   0.89604   3.00000   2.00000   0.00000   6.00000
   423     9     4     2   1.38026   0.41591   0.57407   0.00000   0.00000   0.00000   3.00000
   424     9     4     3  71.05949   0.00020   0.01407   0.00000   0.00000   0.00000   1.00000
   425     9     4     4  54.49636   0.00034   0.01834   0.00000   0.00000   0.00000   1.00000
   426     9     4     5   6.52966   0.02355   0.15379   0.00000   0.00000   0.00000   2.00000
   427     9     4     6   9.81832   0.01035   0.10158   0.00000   0.00000   0.00000   2.00000
   428     9     4     7   1.06640   0.74822   0.79790   1.00000   0.00000   0.00000   6.00000
   429     9     4     8   0.18410   9.07346   1.67044  10.00000   6.00000   2.00000  16.00000
   430     9     4     9   0.15417  10.60263   1.63462  12.00000  13.00000   4.00000  18.00000
   431     9     5     1   0.37883   4.17607   1.58203   3.00000   4.00000   0.00000  12.00000
   432     9     5     2   1.93431   0.24673   0.47725   1.00000   0.00000   0.00000   3.00000
   433     9     5     4 183.49025   0.00003   0.00545   0.00000   0.00000   0.00000   1.00000
   434     9     5     5  21.96125   0.00207   0.04544   0.00000   0.00000   0.00000   1.00000
   435     9     5     6   3.78186   0.06729   0.25449   0.00000   0.00000   0.00000   3.00000
   436     9     5     7   1.39705   0.58986   0.82406   0.00000   0.00000   0.00000   6.00000
   437     9     5     8   0.36511   7.06069   2.57792   3.00000   6.00000   0.00000  15.00000
   438     9     5     9   0.15868  10.52818   1.67064  15.00000   9.00000   3.00000  17.00000
   439     9     6     1   0.31401   7.05717   2.21603   7.00000   3.00000   0.00000  17.00000
   440     9     6     2   0.62472   2.08478   1.30241   2.00000   0.00000   0.00000   8.00000
   441     9     6     3 183.49025   0.00003   0.00545   0.00000   0.00000   0.00000   1.00000
   442     9     6     5  88.14150   0.00013   0.01134   0.00000   0.00000   0.00000   1.00000
   443     9     6     6   2.15826   0.21010   0.45345   1.00000   0.00000   0.00000   5.00000
   444     9     6     7   0.67739   3.21112   2.17517   7.00000   5.00000   0.00000  14.00000
   445     9     6     8   0.49229   5.52884   2.72180  10.00000   7.00000   0.00000  17.00000
   446     9     6     9   0.16048  10.40331   1.66957  11.00000  10.00000   3.00000  18.00000
