     1     1     1     1   0.40978   5.79468   2.37454   2.00000   4.00000   0.00000  11.00000
     2     1     1     2   1.16814   0.90114   1.05266   0.00000   0.00000   0.00000   5.00000
     3     1     1     6   5.64579   0.03042   0.17174   0.00000   0.00000   0.00000   1.00000
     4     1     1     7   0.40289   3.87833   1.56252   3.00000   3.00000   0.00000   8.00000
     5     1     1     8   0.37026   5.04183   1.86680   3.00000   2.00000   1.00000  10.00000
     6     1     1     9   0.23960   8.24715   1.97603   5.00000   4.00000   4.00000  14.00000
     7     1     2     1   0.29333   6.82890   2.00313   8.00000   9.00000   2.00000  13.00000
     8     1     2     2   1.46169   0.40304   0.58912   1.00000   0.00000   0.00000   3.00000
     9     1     2     3   1.54006   0.29658   0.45675   0.00000   0.00000   0.00000   1.00000
    10     1     2     6   3.78142   0.07224   0.27318   0.00000   0.00000   0.00000   2.00000
    11     1     2     7   0.35566   3.77947   1.34420   2.00000   2.00000   0.00000   8.00000
    12     1     2     8   0.24189   6.96578   1.68497   9.00000   6.00000   3.00000  11.00000
    13     1     2     9   0.67282   3.22433   2.16941   1.00000   1.00000   0.00000  10.00000
    14     1     3     1   0.17525   9.25855   1.62258  12.00000  11.00000   5.00000  14.00000
    15     1     3     2   2.08982   0.21293   0.44498   0.00000   0.00000   0.00000   2.00000
    16     1     3     3  16.18641   0.00380   0.06155   0.00000   0.00000   0.00000   1.00000
    17     1     3     6   5.64579   0.03042   0.17174   0.00000   0.00000   0.00000   1.00000
    18     1     3     7   0.33593   3.56274   1.19682   3.00000   3.00000   0.00000   7.00000
    19     1     3     8   0.31218   4.53612   1.41610   5.00000   2.00000   1.00000   8.00000
    20     1     3     9   0.35666   5.36502   1.91349   4.00000   3.00000   0.00000  12.00000
    21     1     4     1   0.20172   6.52471   1.31616   7.00000  10.00000   3.00000  10.00000
    22     1     4     2   0.93003   0.75285   0.70018   1.00000   0.00000   0.00000   3.00000
    23     1     4     3   5.31246   0.03422   0.18180   0.00000   0.00000   0.00000   1.00000
    24     1     4     4  11.42366   0.00760   0.08687   0.00000   0.00000   0.00000   1.00000
    25     1     4     6   4.38529   0.04943   0.21676   0.00000   0.00000   0.00000   1.00000
    26     1     4     7   0.39932   2.29278   0.91555   3.00000   2.00000   0.00000   5.00000
    27     1     4     8   0.29527   4.65019   1.37304   4.00000   6.00000   1.00000   8.00000
    28     1     4     9   0.21516   8.25856   1.77693   9.00000   5.00000   1.00000  14.00000
    29     1     5     1   0.82541   1.57795   1.30246   3.00000   1.00000   0.00000   5.00000
    30     1     5     2   1.61244   0.33460   0.53952   0.00000   0.00000   0.00000   2.00000
    31     1     5     3   9.30949   0.01141   0.10619   0.00000   0.00000   0.00000   1.00000
    32     1     5     6   1.04373   0.90494   0.94451   0.00000   1.00000   0.00000   6.00000
    33     1     5     7   0.25132   5.35361   1.34548   4.00000   5.00000   1.00000   9.00000
    34     1     5     8   0.18904   8.82510   1.66826   7.00000   6.00000   5.00000  15.00000
    35     1     5     9   0.28402   7.25095   2.05942   7.00000   4.00000   2.00000  12.00000
    36     1     6     1   0.44843   3.09506   1.38792   2.00000   2.00000   0.00000   7.00000
    37     1     6     2   4.06612   0.05703   0.23191   0.00000   0.00000   0.00000   1.00000
    38     1     6     6   0.75918   1.17871   0.89485   0.00000   1.00000   0.00000   4.00000
    39     1     6     7   0.61689   2.46768   1.52230   3.00000   5.00000   0.00000   6.00000
    40     1     6     8   0.20313   9.50190   1.93010  11.00000   9.00000   4.00000  14.00000
    41     1     6     9   0.18247   9.83270   1.79420  12.00000   9.00000   5.00000  14.00000
    42     2     1     1   0.48034   2.22053   1.06662   2.00000   3.00000   0.00000   6.00000
    43     2     1     2   2.19214   0.18631   0.40842   0.00000   0.00000   0.00000   2.00000
    44     2     1     7  16.18641   0.00380   0.06155   0.00000   0.00000   0.00000   1.00000
    45     2     1     8   0.66809   1.76426   1.17868   1.00000   1.00000   0.00000   5.00000
    46     2     1     9   0.55812   3.84411   2.14548   4.00000   7.00000   0.00000  10.00000
    47     2     2     1   0.91655   1.23574   1.13262   0.00000   0.00000   0.00000   5.00000
    48     2     2     2   1.80054   0.23574   0.42446   0.00000   1.00000   0.00000   1.00000
    49     2     2     3   1.59814   0.28137   0.44967   0.00000   0.00000   0.00000   1.00000
    50     2     2     7   0.19496   1.03422   0.20163   1.00000   1.00000   1.00000   3.00000
    51     2     2     8   0.24910   5.99239   1.49268   6.00000   4.00000   3.00000  10.00000
    52     2     2     9   2.12494   0.22433   0.47670   0.00000   1.00000   0.00000   3.00000
    53     2     3     1   0.36554   3.96578   1.44965   2.00000   2.00000   0.00000   9.00000
    54     2     3     2  16.18641   0.00380   0.06155   0.00000   0.00000   0.00000   1.00000
    55     2     3     3   1.88002   0.22053   0.41461   0.00000   0.00000   0.00000   1.00000
    56     2     3     4   0.96486   0.56654   0.54663   1.00000   1.00000   0.00000   2.00000
    57     2     3     5   0.67451   0.94677   0.63860   0.00000   1.00000   0.00000   2.00000
    58     2     3     6   1.96143   0.22053   0.43256   1.00000   0.00000   0.00000   2.00000
    59     2     3     7  11.42366   0.00760   0.08687   0.00000   0.00000   0.00000   1.00000
    60     2     3     8   0.47758   1.80989   0.86436   2.00000   1.00000   0.00000   4.00000
    61     2     3     9   0.81494   1.04943   0.85522   0.00000   2.00000   0.00000   3.00000
    62     2     4     1   0.36073   2.85932   1.03143   3.00000   3.00000   1.00000   6.00000
    63     2     4     3   1.16806   0.48289   0.56405   1.00000   0.00000   0.00000   2.00000
    64     2     4     4   5.02991   0.03802   0.19125   0.00000   0.00000   0.00000   1.00000
    65     2     4     7   1.24879   0.51711   0.64576   0.00000   0.00000   0.00000   2.00000
    66     2     4     8   0.80817   0.84030   0.67911   1.00000   1.00000   0.00000   3.00000
    67     2     4     9   1.10376   0.85551   0.94428   0.00000   0.00000   0.00000   3.00000
    68     2     5     1   1.64037   0.35741   0.58629   2.00000   0.00000   0.00000   3.00000
    69     2     5     5   0.82413   0.86312   0.71132   2.00000   0.00000   0.00000   3.00000
    70     2     5     6   0.57488   2.69582   1.54976   6.00000   1.00000   0.00000   7.00000
    71     2     5     7   1.38769   0.49430   0.68593   0.00000   0.00000   0.00000   3.00000
    72     2     5     8   0.96389   1.11787   1.07750   3.00000   1.00000   0.00000   5.00000
    73     2     5     9   2.09263   0.28137   0.58880   1.00000   0.00000   0.00000   3.00000
    74     2     6     1   0.89718   0.89354   0.80166   0.00000   0.00000   0.00000   4.00000
    75     2     6     6   0.91365   1.45247   1.32705   1.00000   0.00000   0.00000   5.00000
    76     2     6     7   0.36392   3.82129   1.39063   5.00000   2.00000   1.00000   8.00000
    77     2     6     8   0.30396   6.58555   2.00173   9.00000   5.00000   2.00000  12.00000
    78     2     6     9   0.44079   4.95057   2.18216   7.00000   5.00000   0.00000  10.00000
    79     3     1     1   0.31290   5.74525   1.79769  10.00000   5.00000   1.00000  11.00000
    80     3     1     2   1.21024   0.66540   0.80529   0.00000   0.00000   0.00000   4.00000
    81     3     1     7   3.92906   0.06084   0.23903   0.00000   1.00000   0.00000   1.00000
    82     3     1     8   0.55681   2.57414   1.43331   1.00000   4.00000   0.00000   7.00000
    83     3     1     9   0.25819   5.06084   1.30665   5.00000   2.00000   2.00000  10.00000
    84     3     2     1   3.96941   0.07224   0.28676   0.00000   0.00000   0.00000   2.00000
    85     3     2     2  11.42366   0.00760   0.08687   0.00000   0.00000   0.00000   1.00000
    86     3     2     7   2.71534   0.13308   0.36136   0.00000   1.00000   0.00000   2.00000
    87     3     2     8   0.51957   1.49049   0.77442   2.00000   0.00000   0.00000   4.00000
    88     3     2     9   0.55412   1.19392   0.66158   3.00000   1.00000   0.00000   5.00000
    89     3     3     1   0.63665   0.81749   0.52045   1.00000   1.00000   0.00000   2.00000
    90     3     3     4   2.08982   0.18631   0.38936   0.00000   0.00000   0.00000   1.00000
    91     3     3     5   3.48568   0.07605   0.26507   0.00000   0.00000   0.00000   1.00000
    92     3     3     6   0.35311   1.81369   0.64043   2.00000   2.00000   0.00000   3.00000
    93     3     3     7   0.79889   1.20152   0.95988   1.00000   2.00000   0.00000   3.00000
    94     3     3     8   0.34432   1.23954   0.42681   1.00000   2.00000   1.00000   2.00000
    95     3     3     9   1.03982   0.55894   0.58119   0.00000   0.00000   0.00000   2.00000
    96     3     4     1   0.32306   3.85171   1.24433   3.00000   2.00000   1.00000   8.00000
    97     3     4     3   1.70260   0.27757   0.47259   1.00000   0.00000   0.00000   2.00000
    98     3     4     4   3.30977   0.08365   0.27686   0.00000   0.00000   0.00000   1.00000
    99     3     4     5   2.47146   0.14068   0.34770   0.00000   0.00000   0.00000   1.00000
   100     3     4     7   0.56721   1.40684   0.79797   2.00000   1.00000   0.00000   4.00000
   101     3     4     8   0.41586   2.36882   0.98511   3.00000   3.00000   0.00000   5.00000
   102     3     4     9   1.12152   0.47148   0.52878   0.00000   0.00000   0.00000   2.00000
   103     3     5     1   0.47420   3.93536   1.86615   4.00000   4.00000   1.00000   9.00000
   104     3     5     5   0.98170   0.57034   0.55990   1.00000   1.00000   0.00000   2.00000
   105     3     5     6   1.34039   0.36502   0.48927   0.00000   0.00000   0.00000   2.00000
   106     3     5     7   1.29879   0.53992   0.70125   1.00000   1.00000   0.00000   3.00000
   107     3     5     8   0.40551   1.37262   0.55662   1.00000   1.00000   1.00000   3.00000
   108     3     5     9   6.04743   0.02662   0.16096   0.00000   0.00000   0.00000   1.00000
   109     3     6     1   0.56254   1.44106   0.81066   1.00000   1.00000   0.00000   4.00000
   110     3     6     2   1.49897   0.30798   0.46166   1.00000   1.00000   0.00000   1.00000
   111     3     6     5  16.18641   0.00380   0.06155   0.00000   0.00000   0.00000   1.00000
   112     3     6     6   0.36057   0.98099   0.35371   1.00000   1.00000   0.00000   2.00000
   113     3     6     7   1.04730   0.69582   0.72873   0.00000   0.00000   0.00000   2.00000
   114     3     6     8   0.87199   0.98479   0.85873   1.00000   0.00000   0.00000   3.00000
   115     3     6     9   1.62316   0.80989   1.31458   3.00000   0.00000   0.00000   6.00000
   116     4     1     1   0.25483   8.39163   2.13843  10.00000   8.00000   2.00000  14.00000
   117     4     1     2   0.56371   1.79848   1.01382   4.00000   0.00000   0.00000   6.00000
   118     4     1     7   0.63893   1.41065   0.90131   2.00000   4.00000   0.00000   4.00000
   119     4     1     8   0.22415   8.38023   1.87841   7.00000   6.00000   3.00000  14.00000
   120     4     1     9   0.34143   6.61217   2.25759   5.00000   7.00000   2.00000  13.00000
   121     4     2     1   0.40223   2.73764   1.10115   3.00000   4.00000   0.00000   5.00000
   122     4     2     2   3.90315   0.06844   0.26714   0.00000   0.00000   0.00000   2.00000
   123     4     2     6   1.17649   0.71103   0.83652   1.00000   3.00000   0.00000   3.00000
   124     4     2     7   0.20532   6.60076   1.35529   8.00000   7.00000   3.00000  10.00000
   125     4     2     8   1.49830   0.48289   0.72351   0.00000   0.00000   0.00000   3.00000
   126     4     2     9   0.69765   1.13308   0.79049   1.00000   1.00000   0.00000   3.00000
   127     4     3     1   0.43066   1.61977   0.69757   1.00000   0.00000   0.00000   4.00000
   128     4     3     5   2.73567   0.11787   0.32245   0.00000   0.00000   0.00000   1.00000
   129     4     3     6   0.41630   1.31179   0.54610   3.00000   1.00000   1.00000   4.00000
   130     4     3     7   0.48659   1.57414   0.76597   1.00000   2.00000   1.00000   4.00000
   131     4     3     8   0.32229   0.93536   0.30146   1.00000   0.00000   0.00000   2.00000
   132     4     3     9   0.78326   0.61977   0.48544   1.00000   1.00000   0.00000   1.00000
   133     4     4     1   0.26563   5.96198   1.58369   5.00000   5.00000   3.00000  10.00000
   134     4     4     2   7.57921   0.02281   0.17291   0.00000   0.00000   0.00000   2.00000
   135     4     4     6   0.15104   1.00000   0.15104   1.00000   1.00000   0.00000   2.00000
   136     4     4     7   0.60237   0.99240   0.59779   1.00000   0.00000   0.00000   3.00000
   137     4     4     8   5.64579   0.03042   0.17174   0.00000   0.00000   0.00000   1.00000
   138     4     4     9   0.61397   0.72624   0.44589   0.00000   0.00000   0.00000   1.00000
   139     4     5     1   0.18837   8.86312   1.66954  10.00000  10.00000   3.00000  13.00000
   140     4     5     2   0.63684   1.25475   0.79908   3.00000   0.00000   0.00000   3.00000
   141     4     5     3   2.51109   0.13688   0.34372   0.00000   0.00000   0.00000   1.00000
   142     4     5     4   1.42232   0.33080   0.47050   0.00000   0.00000   0.00000   1.00000
   143     4     5     7   1.36066   0.63878   0.86917   0.00000   0.00000   0.00000   3.00000
   144     4     5     8   2.62488   0.15209   0.39922   0.00000   1.00000   0.00000   2.00000
   145     4     6     1   0.32172   6.17490   1.98660   8.00000   5.00000   1.00000  10.00000
   146     4     6     2   0.42833   1.49430   0.64005   2.00000   0.00000   0.00000   3.00000
   147     4     6     3   2.25517   0.20152   0.45446   1.00000   0.00000   0.00000   3.00000
   148     4     6     7   1.32353   0.39163   0.51834   0.00000   0.00000   0.00000   3.00000
   149     4     6     8   0.36976   2.31559   0.85621   2.00000   3.00000   1.00000   4.00000
   150     4     6     9   6.54472   0.02281   0.14931   0.00000   0.00000   0.00000   1.00000
   151     5     1     1   0.28501   4.63498   1.32102   4.00000   5.00000   1.00000   8.00000
   152     5     1     2   0.56080   0.77567   0.43499   1.00000   1.00000   0.00000   2.00000
   153     5     1     5   4.21731   0.05323   0.22450   0.00000   0.00000   0.00000   1.00000
   154     5     1     6   0.50305   1.22433   0.61590   3.00000   2.00000   0.00000   4.00000
   155     5     1     7   0.26215   6.77566   1.77623   8.00000   8.00000   3.00000  11.00000
   156     5     1     8   0.16896   9.71103   1.64078   9.00000   9.00000   6.00000  15.00000
   157     5     1     9   0.15060  10.72624   1.61538  13.00000  12.00000   6.00000  14.00000
   158     5     2     1   0.59872   1.50570   0.90150   1.00000   1.00000   0.00000   5.00000
   159     5     2     3   4.38529   0.04943   0.21676   0.00000   0.00000   0.00000   1.00000
   160     5     2     4   2.61212   0.16350   0.42708   0.00000   0.00000   0.00000   2.00000
   161     5     2     5   8.04674   0.01521   0.12238   0.00000   0.00000   0.00000   1.00000
   162     5     2     6   0.42491   2.08365   0.88537   2.00000   1.00000   0.00000   5.00000
   163     5     2     7   0.28736   5.13688   1.47614   3.00000   3.00000   1.00000   9.00000
   164     5     2     8   0.41854   3.45247   1.44501   3.00000   5.00000   1.00000   8.00000
   165     5     2     9   0.39378   5.61597   2.21146   4.00000   6.00000   0.00000  12.00000
   166     5     3     1   1.56144   0.36882   0.57589   0.00000   1.00000   0.00000   4.00000
   167     5     3     3   0.00024   1.00000   0.00024   1.00000   1.00000   1.00000   1.00000
   168     5     3     4   0.42523   1.06464   0.45271   1.00000   1.00000   0.00000   3.00000
   169     5     3     5   0.87943   1.17871   1.03659   0.00000   2.00000   0.00000   4.00000
   170     5     3     6   0.23072   4.44867   1.02638   3.00000   5.00000   1.00000   8.00000
   171     5     3     7   0.46449   1.73004   0.80359   1.00000   2.00000   0.00000   4.00000
   172     5     3     9   5.02991   0.03802   0.19125   0.00000   1.00000   0.00000   1.00000
   173     5     4     1   0.41980   2.84791   1.19555   1.00000   4.00000   0.00000   6.00000
   174     5     4     5   0.24561   1.86312   0.45760   2.00000   2.00000   1.00000   4.00000
   175     5     4     6   0.21270   4.85551   1.03275   6.00000   4.00000   2.00000   8.00000
   176     5     4     7   0.21806   2.90875   0.63429   4.00000   4.00000   2.00000   5.00000
   177     5     4     9   4.42119   0.06084   0.26897   0.00000   0.00000   0.00000   2.00000
   178     5     5     1   0.40728   4.33080   1.76383   6.00000   7.00000   0.00000   9.00000
   179     5     5     2   2.39323   0.15589   0.37309   0.00000   1.00000   0.00000   2.00000
   180     5     5     3  16.18641   0.00380   0.06155   0.00000   0.00000   0.00000   1.00000
   181     5     5     4   0.65525   0.69962   0.45842   1.00000   1.00000   0.00000   1.00000
   182     5     5     5   0.00024   1.00000   0.00024   1.00000   1.00000   1.00000   1.00000
   183     5     5     6   0.33924   1.47148   0.49919   1.00000   1.00000   1.00000   2.00000
   184     5     5     7   0.39646   1.92776   0.76429   2.00000   2.00000   0.00000   4.00000
   185     5     5     8   0.90023   1.05703   0.95157   3.00000   2.00000   0.00000   5.00000
   186     5     6     1   0.21662   8.10646   1.75605   7.00000   9.00000   4.00000  13.00000
   187     5     6     2   0.53416   1.13308   0.60524   1.00000   1.00000   0.00000   4.00000
   188     5     6     3   2.25430   0.30418   0.68572   0.00000   0.00000   0.00000   3.00000
   189     5     6     4  16.18641   0.00380   0.06155   0.00000   0.00000   0.00000   1.00000
   190     5     6     7   1.16445   0.59316   0.69070   1.00000   0.00000   0.00000   3.00000
   191     5     6     8   0.33175   2.66920   0.88550   2.00000   3.00000   0.00000   5.00000
   192     5     6     9   9.30949   0.01141   0.10619   0.00000   0.00000   0.00000   1.00000
   193     6     1     1   0.27084   5.13688   1.39127   6.00000   5.00000   1.00000  10.00000
   194     6     1     2   0.35693   1.23194   0.43972   1.00000   1.00000   0.00000   3.00000
   195     6     1     4  16.18641   0.00380   0.06155   0.00000   0.00000   0.00000   1.00000
   196     6     1     5  16.18641   0.00380   0.06155   0.00000   0.00000   0.00000   1.00000
   197     6     1     6   0.55837   1.33840   0.74732   1.00000   1.00000   0.00000   3.00000
   198     6     1     7   0.40279   3.01901   1.21603   2.00000   2.00000   0.00000   7.00000
   199     6     1     8   0.19556   9.26236   1.81135  10.00000   8.00000   4.00000  15.00000
   200     6     1     9   0.15924  10.51711   1.67477   9.00000  13.00000   6.00000  15.00000
   201     6     2     1   0.26522   3.27757   0.86929   2.00000   4.00000   1.00000   6.00000
   202     6     2     2   0.44953   1.44487   0.64951   2.00000   1.00000   0.00000   3.00000
   203     6     2     3   0.26387   3.84411   1.01436   3.00000   4.00000   1.00000   7.00000
   204     6     2     4   0.43056   2.15589   0.92824   1.00000   4.00000   0.00000   5.00000
   205     6     2     5   2.87360   0.19011   0.54631   0.00000   0.00000   0.00000   2.00000
   206     6     2     6   2.11282   0.28897   0.61055   0.00000   0.00000   0.00000   3.00000
   207     6     2     7   0.49736   2.20913   1.09873   1.00000   1.00000   0.00000   5.00000
   208     6     2     8   0.24501   7.07985   1.73460   6.00000   7.00000   3.00000  11.00000
   209     6     2     9   0.15655  10.39924   1.62804  12.00000  11.00000   6.00000  14.00000
   210     6     3     1   8.04674   0.01521   0.12238   0.00000   1.00000   0.00000   1.00000
   211     6     3     2   1.90106   0.21673   0.41202   0.00000   1.00000   0.00000   1.00000
   212     6     3     3   1.05280   0.67681   0.71254   1.00000   1.00000   0.00000   3.00000
   213     6     3     4   0.56411   1.84411   1.04027   2.00000   0.00000   0.00000   5.00000
   214     6     3     5   0.63727   1.99240   1.26969   0.00000   3.00000   0.00000   5.00000
   215     6     3     6   1.24587   0.49430   0.61583   1.00000   0.00000   0.00000   2.00000
   216     6     3     7   0.24486   2.55513   0.62566   3.00000   2.00000   1.00000   4.00000
   217     6     3     9   0.44731   3.36882   1.50692   2.00000   4.00000   0.00000   8.00000
   218     6     4     1   0.59149   0.97719   0.57800   1.00000   0.00000   0.00000   2.00000
   219     6     4     2   0.18824   0.96578   0.18180   1.00000   1.00000   0.00000   1.00000
   220     6     4     4  11.42366   0.00760   0.08687   0.00000   0.00000   0.00000   1.00000
   221     6     4     5  11.42366   0.00760   0.08687   0.00000   0.00000   0.00000   1.00000
   222     6     4     6   1.00101   0.56654   0.56711   0.00000   0.00000   0.00000   2.00000
   223     6     4     7   0.54387   2.08745   1.13531   2.00000   2.00000   0.00000   6.00000
   224     6     4     8   0.40886   1.34221   0.54877   2.00000   2.00000   0.00000   3.00000
   225     6     4     9   0.38474   3.13688   1.20688   3.00000   1.00000   1.00000   6.00000
   226     6     5     1   0.69237   0.91255   0.63182   1.00000   0.00000   0.00000   3.00000
   227     6     5     2   1.69727   0.28517   0.48401   1.00000   0.00000   0.00000   2.00000
   228     6     5     3  11.42366   0.00760   0.08687   0.00000   0.00000   0.00000   1.00000
   229     6     5     4   0.21865   0.95437   0.20868   1.00000   1.00000   0.00000   1.00000
   230     6     5     5   0.29970   1.61977   0.48544   1.00000   1.00000   1.00000   2.00000
   231     6     5     6   1.04926   0.58175   0.61041   1.00000   1.00000   0.00000   3.00000
   232     6     5     7   0.46511   2.12167   0.98681   3.00000   3.00000   0.00000   6.00000
   233     6     5     8   0.46583   2.41065   1.12295   2.00000   3.00000   0.00000   5.00000
   234     6     5     9   1.10463   0.86312   0.95343   1.00000   1.00000   0.00000   6.00000
   235     6     6     1   0.22846   7.84411   1.79205   7.00000   3.00000   2.00000  13.00000
   236     6     6     2   0.65643   1.66160   1.09072   0.00000   2.00000   0.00000   6.00000
   237     6     6     3  16.18641   0.00380   0.06155   0.00000   0.00000   0.00000   1.00000
   238     6     6     6   5.31246   0.03422   0.18180   0.00000   0.00000   0.00000   1.00000
   239     6     6     7   0.45263   2.68061   1.21331   3.00000   2.00000   0.00000   6.00000
   240     6     6     8   0.28347   5.09886   1.44537   6.00000   9.00000   1.00000  10.00000
   241     6     6     9   0.30363   6.25095   1.89801   5.00000  11.00000   2.00000  11.00000
   242     7     1     1   0.99896   0.94677   0.94578   0.00000   0.00000   0.00000   4.00000
   243     7     1     2   0.00024   1.00000   0.00024   1.00000   1.00000   1.00000   1.00000
   244     7     1     4  16.18641   0.00380   0.06155   0.00000   0.00000   0.00000   1.00000
   245     7     1     5  16.18641   0.00380   0.06155   0.00000   0.00000   0.00000   1.00000
   246     7     1     6   2.03959   0.22053   0.44980   0.00000   0.00000   0.00000   2.00000
   247     7     1     7   0.21390   6.60456   1.41270   6.00000  10.00000   3.00000  11.00000
   248     7     1     8   0.14834  10.52852   1.56183  13.00000  12.00000   6.00000  14.00000
   249     7     1     9   0.15546  10.72243   1.66687  14.00000   9.00000   7.00000  16.00000
   250     7     2     1   0.28203   4.93156   1.39086   7.00000   4.00000   2.00000   9.00000
   251     7     2     2   0.91606   0.54373   0.49808   1.00000   0.00000   0.00000   1.00000
   252     7     2     3   1.92261   0.21293   0.40938   0.00000   1.00000   0.00000   1.00000
   253     7     2     4   4.78634   0.04183   0.20019   0.00000   0.00000   0.00000   1.00000
   254     7     2     5   2.51109   0.13688   0.34372   0.00000   0.00000   0.00000   1.00000
   255     7     2     6   3.48568   0.07605   0.26507   1.00000   0.00000   0.00000   1.00000
   256     7     2     7   0.51458   2.16350   1.11330   2.00000   3.00000   0.00000   6.00000
   257     7     2     8   0.15905  10.11407   1.60865   7.00000  10.00000   6.00000  15.00000
   258     7     2     9   0.15549  10.57034   1.64358  11.00000  11.00000   7.00000  16.00000
   259     7     3     1   1.46101   0.58175   0.84994   0.00000   1.00000   0.00000   4.00000
   260     7     3     4   9.30949   0.01141   0.10619   0.00000   0.00000   0.00000   1.00000
   261     7     3     5   7.18331   0.01901   0.13656   0.00000   0.00000   0.00000   1.00000
   262     7     3     6  11.42366   0.00760   0.08687   0.00000   0.00000   0.00000   1.00000
   263     7     3     7   0.65525   1.04943   0.68764   1.00000   0.00000   0.00000   3.00000
   264     7     3     8   0.25256   5.22053   1.31850   3.00000   5.00000   2.00000  10.00000
   265     7     3     9   0.15251  10.55133   1.60922  10.00000  11.00000   7.00000  17.00000
   266     7     4     1   0.26580   1.94297   0.51644   2.00000   3.00000   0.00000   4.00000
   267     7     4     4  16.18641   0.00380   0.06155   0.00000   0.00000   0.00000   1.00000
   268     7     4     6   3.68932   0.06844   0.25250   0.00000   0.00000   0.00000   1.00000
   269     7     4     7   0.89785   0.77186   0.69302   0.00000   1.00000   0.00000   2.00000
   270     7     4     8   0.48718   1.85932   0.90582   1.00000   1.00000   0.00000   4.00000
   271     7     4     9   0.17091   9.35361   1.59861   8.00000  10.00000   5.00000  13.00000
   272     7     5     1   0.54208   1.79468   0.97285   2.00000   1.00000   0.00000   5.00000
   273     7     5     2  16.18641   0.00380   0.06155   0.00000   0.00000   0.00000   1.00000
   274     7     5     4   8.04674   0.01521   0.12238   0.00000   0.00000   0.00000   1.00000
   275     7     5     5  16.18641   0.00380   0.06155   0.00000   0.00000   0.00000   1.00000
   276     7     5     6   0.45951   1.45247   0.66743   1.00000   2.00000   1.00000   5.00000
   277     7     5     7   0.34268   4.72243   1.61826   5.00000   4.00000   2.00000   9.00000
   278     7     5     8   0.95322   0.79468   0.75750   1.00000   0.00000   0.00000   3.00000
   279     7     5     9   0.20248   6.83650   1.38428   7.00000   8.00000   1.00000  12.00000
   280     7     6     1   0.26081   7.48289   1.95158   6.00000   7.00000   2.00000  13.00000
   281     7     6     2   0.66242   2.60456   1.72531   1.00000   7.00000   0.00000   7.00000
   282     7     6     3  16.18641   0.00380   0.06155   0.00000   0.00000   0.00000   1.00000
   283     7     6     6   0.50324   1.46768   0.73860   2.00000   1.00000   0.00000   3.00000
   284     7     6     7   0.23301   6.83270   1.59209   8.00000   9.00000   3.00000  11.00000
   285     7     6     8   0.22270   8.44867   1.88153   8.00000   9.00000   4.00000  13.00000
   286     7     6     9   0.16602  10.22053   1.69680  11.00000  11.00000   6.00000  14.00000
   287     8     1     1   0.18479   7.39163   1.36588   5.00000  10.00000   4.00000  12.00000
   288     8     1     2   1.34538   0.50570   0.68036   0.00000   0.00000   0.00000   4.00000
   289     8     1     4  11.42366   0.00760   0.08687   0.00000   0.00000   0.00000   1.00000
   290     8     1     5   7.18331   0.01901   0.13656   0.00000   0.00000   0.00000   1.00000
   291     8     1     6   0.99353   0.57034   0.56665   1.00000   0.00000   0.00000   2.00000
   292     8     1     7   0.44301   6.39163   2.83156   7.00000   4.00000   1.00000  13.00000
   293     8     1     8   0.15886  10.59696   1.68338  13.00000  14.00000   6.00000  16.00000
   294     8     1     9   0.15992  10.59696   1.69464   7.00000  14.00000   6.00000  15.00000
   295     8     2     1   0.26269   5.11787   1.34440   5.00000   6.00000   1.00000  10.00000
   296     8     2     2   0.99293   0.53232   0.52856   1.00000   1.00000   0.00000   2.00000
   297     8     2     4   2.38992   0.17490   0.41801   1.00000   0.00000   0.00000   2.00000
   298     8     2     5   0.61979   1.01901   0.63157   2.00000   1.00000   0.00000   3.00000
   299     8     2     7   0.34295   3.79848   1.30270   4.00000   3.00000   1.00000   8.00000
   300     8     2     8   0.18339   9.64258   1.76834  10.00000   9.00000   5.00000  14.00000
   301     8     2     9   0.15064  10.55513   1.59008  13.00000  11.00000   6.00000  15.00000
   302     8     3     1   1.22346   0.74144   0.90713   1.00000   3.00000   0.00000   4.00000
   303     8     3     2   5.31246   0.03422   0.18180   0.00000   0.00000   0.00000   1.00000
   304     8     3     4  16.18641   0.00380   0.06155   0.00000   0.00000   0.00000   1.00000
   305     8     3     5   6.04743   0.02662   0.16096   0.00000   0.00000   0.00000   1.00000
   306     8     3     6   9.30949   0.01141   0.10619   0.00000   0.00000   0.00000   1.00000
   307     8     3     7   2.31602   0.17110   0.39628   0.00000   0.00000   0.00000   2.00000
   308     8     3     8   0.41146   3.68061   1.51441   5.00000   4.00000   0.00000   7.00000
   309     8     3     9   0.15115  10.73004   1.62190  10.00000   9.00000   7.00000  16.00000
   310     8     4     1   2.71627   0.14449   0.39246   0.00000   0.00000   0.00000   2.00000
   311     8     4     4   2.32694   0.15589   0.36275   0.00000   0.00000   0.00000   1.00000
   312     8     4     5  11.42366   0.00760   0.08687   0.00000   0.00000   0.00000   1.00000
   313     8     4     6   1.14158   0.49430   0.56428   0.00000   1.00000   0.00000   2.00000
   314     8     4     7   1.00405   1.15209   1.15676   3.00000   0.00000   0.00000   4.00000
   315     8     4     8   0.33539   3.68821   1.23700   4.00000   3.00000   1.00000   7.00000
   316     8     4     9   0.18034   8.70722   1.57023   8.00000  12.00000   5.00000  13.00000
   317     8     5     1   0.54713   3.21673   1.75998   2.00000   3.00000   0.00000   8.00000
   318     8     5     2   2.48579   0.19392   0.48204   0.00000   0.00000   0.00000   3.00000
   319     8     5     4   3.30977   0.08365   0.27686   0.00000   0.00000   0.00000   1.00000
   320     8     5     5   8.04674   0.01521   0.12238   0.00000   0.00000   0.00000   1.00000
   321     8     5     6   0.97373   0.68441   0.66643   1.00000   0.00000   0.00000   2.00000
   322     8     5     7   0.32124   3.58935   1.15303   4.00000   6.00000   0.00000   7.00000
   323     8     5     8   0.28981   4.28517   1.24187   4.00000   4.00000   1.00000   8.00000
   324     8     5     9   0.21557   7.47909   1.61226   6.00000   7.00000   2.00000  13.00000
   325     8     6     1   0.22007   8.52471   1.87599   9.00000   9.00000   4.00000  14.00000
   326     8     6     2   0.59757   2.79087   1.66774   4.00000   6.00000   0.00000   8.00000
   327     8     6     3   3.92510   0.08745   0.34326   0.00000   0.00000   0.00000   2.00000
   328     8     6     6   1.04993   0.90114   0.94613   0.00000   0.00000   0.00000   4.00000
   329     8     6     7   0.23179   7.19011   1.66660   6.00000   4.00000   2.00000  11.00000
   330     8     6     8   0.19968   9.21293   1.83965  12.00000  12.00000   4.00000  14.00000
   331     8     6     9   0.16043  10.04182   1.61097  10.00000  10.00000   6.00000  15.00000
   332     9     1     1   0.48663   3.10646   1.51170   2.00000   4.00000   0.00000   8.00000
   333     9     1     2   1.18176   0.49430   0.58414   0.00000   0.00000   0.00000   3.00000
   334     9     1     6   2.94591   0.19011   0.56006   0.00000   0.00000   0.00000   3.00000
   335     9     1     7   0.29312   6.55513   1.92141   8.00000   8.00000   2.00000  12.00000
   336     9     1     8   0.16579  10.23194   1.69640  10.00000   8.00000   5.00000  15.00000
   337     9     1     9   0.16242  10.50570   1.70633  12.00000  11.00000   6.00000  16.00000
   338     9     2     1   0.45178   1.70722   0.77129   1.00000   3.00000   0.00000   4.00000
   339     9     2     2   1.12151   0.67681   0.75905   0.00000   1.00000   0.00000   3.00000
   340     9     2     4   0.89247   0.58555   0.52259   1.00000   2.00000   0.00000   2.00000
   341     9     2     6  16.18641   0.00380   0.06155   0.00000   0.00000   0.00000   1.00000
   342     9     2     7   0.48729   2.51711   1.22656   2.00000   2.00000   0.00000   6.00000
   343     9     2     8   0.15258  10.24715   1.56353  12.00000  10.00000   5.00000  15.00000
   344     9     2     9   0.16579  10.75665   1.78335   8.00000   8.00000   6.00000  16.00000
   345     9     3     1   0.58896   1.60456   0.94502   3.00000   2.00000   0.00000   4.00000
   346     9     3     2   0.65441   0.77567   0.50760   2.00000   1.00000   0.00000   2.00000
   347     9     3     3   8.04674   0.01521   0.12238   0.00000   0.00000   0.00000   1.00000
   348     9     3     4   2.08982   0.18631   0.38936   0.00000   0.00000   0.00000   1.00000
   349     9     3     5   2.89704   0.10646   0.30843   0.00000   0.00000   0.00000   1.00000
   350     9     3     6   1.11338   0.60836   0.67734   0.00000   0.00000   0.00000   2.00000
   351     9     3     7   0.81610   1.33080   1.08607   2.00000   0.00000   0.00000   5.00000
   352     9     3     8   0.16586   9.21293   1.52804   9.00000   8.00000   5.00000  15.00000
   353     9     3     9   0.16207  10.45627   1.69460  11.00000   8.00000   6.00000  15.00000
   354     9     4     1   0.48325   3.40304   1.64453   3.00000   2.00000   0.00000   8.00000
   355     9     4     2   3.56603   0.07985   0.28474   0.00000   0.00000   0.00000   2.00000
   356     9     4     3   5.02991   0.03802   0.19125   0.00000   0.00000   0.00000   1.00000
   357     9     4     4   1.88002   0.22053   0.41461   0.00000   0.00000   0.00000   1.00000
   358     9     4     5   3.14539   0.09886   0.31095   0.00000   1.00000   0.00000   2.00000
   359     9     4     6   2.94863   0.11027   0.32513   0.00000   0.00000   0.00000   2.00000
   360     9     4     7   0.31527   2.73384   0.86189   2.00000   2.00000   1.00000   6.00000
   361     9     4     8   0.21233   8.25475   1.75271   5.00000   7.00000   3.00000  13.00000
   362     9     4     9   0.16966  10.43726   1.77082   8.00000   9.00000   5.00000  15.00000
   363     9     5     1   0.27084   6.24715   1.69200   4.00000   6.00000   2.00000  12.00000
   364     9     5     2   1.08288   0.82509   0.89348   0.00000   2.00000   0.00000   5.00000
   365     9     5     3  16.18641   0.00380   0.06155   0.00000   0.00000   0.00000   1.00000
   366     9     5     4   3.23029   0.08745   0.28250   0.00000   0.00000   0.00000   1.00000
   367     9     5     5   8.04674   0.01521   0.12238   0.00000   0.00000   0.00000   1.00000
   368     9     5     7   0.53840   1.71863   0.92531   1.00000   2.00000   0.00000   5.00000
   369     9     5     8   0.36614   3.99240   1.46179   4.00000   3.00000   0.00000   9.00000
   370     9     5     9   0.15380  10.40304   1.60000  11.00000  13.00000   7.00000  15.00000
   371     9     6     1   0.26085   8.06464   2.10368   9.00000  12.00000   2.00000  13.00000
   372     9     6     2   0.67573   2.06464   1.39513   1.00000   3.00000   0.00000   8.00000
   373     9     6     3   4.48385   0.06844   0.30688   0.00000   0.00000   0.00000   2.00000
   374     9     6     6   0.53029   2.09506   1.11100   1.00000   1.00000   0.00000   6.00000
   375     9     6     7   0.25715   7.71103   1.98285   8.00000   9.00000   3.00000  13.00000
   376     9     6     8   0.16395  10.27757   1.68502   8.00000   8.00000   5.00000  15.00000
   377     9     6     9   0.14342  10.57034   1.51602   9.00000  10.00000   7.00000  15.00000
