    1  196   30    8    9    9   41  142  252  291    0
    2  202   28    8    8   11   43  151  255  295    0
    3  199   23   11    8   11   40  146  251  301    0
    4  202   24    9    8   12   43  154  267  303    0
    5  199   24    8    9   12   40  143  266  290    0
    6  192   31   11    6   12   40  157  259  305    0
    7  199   29   10    7   11   41  157  250  304    0
    8  204   34    9    9   11   40  149  256  302    0
    9  209   34    9    9   11   42  153  259  314    0
   10  204   27    7    8   12   42  164  256  309    0
   11  205   33    9    9   11   42  157  275  299    0
   12  202   34    8   11   11   34  156  266  293    0
   13  192   31    7   11   10   38  143  271  298    0
   14  208   33    9    7   10   38  142  244  302    0
   15  191   33    8    7   13   36  143  258  301    0
   16  206   35    9    7   12   39  140  264  297    0
   17  199   39    9    7   12   42  141  249  302    0
   18  204   34    9   10   12   40  142  261  304    0
   19  205   31    7   10   11   40  150  238  310    0
   20  195   32    8    9   13   41  147  264  303    0
   21  208   24    8   11   10   40  149  247  296    0
   22  207   26   10    9   13   35  145  246  284    0
   23  214   28   10    9   11   37  145  249  298    0
   24  207   32    9    9   13   33  146  261  275    0
   25  197   23    7   11   13   38  149  259  300    0
   26  217   26    8   11   11   36  158  257  292    0
   27  212   29    9   12   11   37  142  265  289    0
   28  194   29   13    8   12   40  148  262  298    0
   29  205   31    7    9   13   37  149  255  295    0
   30  216   35    7   10    9   41  156  257  301    0
   31  220   35    8    9    9   44  155  250  315    0
   32  211   31    9    8    9   46  146  263  303    0
   33  205   34    9    9    9   39  157  268  285    0
   34  215   34   10   11   10   39  147  253  309    0
   35  212   38    8   11    9   34  144  257  297    0
   36  210   35   10   10    9   39  155  256  297    0
   37  225   32   10   11   10   34  137  248  305    0
   38  205   36   12    9    9   37  136  258  302    0
   39  202   37    7   11    8   39  134  261  299    0
   40  197   29    8   10    8   38  134  251  296    0
   41  192   27   10   10    9   39  152  244  300    0
   42  201   29    9   10    8   39  147  245  307    0
   43  213   30    8    9    7   39  143  261  297    0
   44  204   24    9    8   10   43  145  245  315    0
   45  203   33    9   10    8   41  148  235  298    0
   46  209   29    8    9    7   44  159  246  302    0
   47  209   22   10    9   10   37  145  259  295    0
   48  214   32    8   10   10   41  137  239  293    0
   49  204   25    7   12    9   44  144  262  286    0
   50  203   35    6   10    8   43  139  260  277    0
   51  204   27    7   10   11   42  146  272  294    0
   52  199   26    6   11    9   43  153  256  298    0
   53  197   25    8   10   11   40  153  260  305    0
   54  200   24    9    9   10   36  140  261  300    0
   55  210   33    8    8   10   40  142  255  306    0
   56  209   36    8   11   10   41  138  259  300    0
   57  192   24    7   11   11   42  135  246  305    0
   58  199   27   10   10   10   40  145  258  299    0
   59  186   23    8   10   11   40  152  246  308    0
   60  213   29    8   11   10   41  140  270  306    0
   61  206   31    8   10   11   42  151  252  292    0
   62  200   29    7   12    9   39  144  251  302    0
   63  197   26    7   11   10   41  151  259  296    0
   64  204   33    8   13    7   41  134  254  307    0
   65  207   28    6   12   10   39  144  241  305    0
   66  198   32    8   10    9   32  136  235  307    0
   67  198   31    8   11    9   40  142  244  296    0
   68  205   24    8   10    9   40  153  236  296    0
   69  208   31    8   11    9   40  151  258  305    0
   70  191   23    9   11    8   48  157  255  303    0
   71  207   31    8   10    9   40  154  239  306    0
   72  207   31    8   10    9   40  154  239  306    0
   73  194   31   10    9    9   41  160  251  302    0
   74  210   28    8   10    9   42  161  256  305    0
   75  209   32    8   11    8   42  150  250  307    0
   76  199   35    9   11    8   38  148  257  290    0
   77  191   25    9   11    8   39  149  256  302    0
   78  194   24    9   11    9   41  144  258  289    0
   79  197   24    9   10   10   37  155  251  305    0
   80  199   31    8    9   12   40  149  262  290    0
   81  216   26    7   11   10   37  142  249  303    0
   82  191   25    9   12    9   39  140  250  290    0
   83  204   23   10    9   10   42  163  258  290    0
   84  209   26   10    9   10   41  154  249  290    0
   85  199   29    6   10   10   41  159  265  314    0
   86  212   26    9   10   10   41  150  252  305    0
   87  215   29    8   10   10   41  151  254  290    0
   88  204   28    7    9   10   42  154  251  301    0
   89  193   23   11   11    8   43  152  251  295    0
   90  189   22    9   10   10   41  147  262  297    0
   91  197   28    8   12    8   40  144  252  299    0
   92  216   28    7   11   10   36  139  261  306    0
   93  201   23    8   11   10   39  149  256  303    0
   94  215   26    9   11   10   33  153  255  308    0
   95  203   26    9   10   12   36  160  264  294    0
   96  193   24    8   11    9   38  159  262  297    0
   97  213   32    7   10   10   35  146  264  303    0
   98  214   40    8   10    9   39  141  263  288    0
   99  213   35    9   10   11   36  147  253  315    0
  100  209   37    9    9   12   40  153  254  305    0
  101  201   35    8    9   12   32  161  261  294    0
  102  198   35   10    9   11   36  149  264  294    0
  103  196   34    7   12   11   37  156  260  295    0
  104  197   28    7   13    8   44  151  250  301    0
  105  215   33    9   11   10   39  145  252  276    0
  106  212   33    8    9   13   39  139  264  297    0
  107  210   25    6   11   12   31  148  256  301    0
  108  195   37    7   12   10   33  150  266  291    0
  109  217   29    7   12   10   40  141  264  288    0
  110  194   33    8   10   11   44  153  261  308    0
  111  193   36    6   11   12   39  153  280  294    0
  112  197   27    7   10   12   38  157  268  288    0
  113  223   32    8   12   11   32  144  263  296    0
  114  211   30   12   10   12   38  147  259  306    0
  115  202   33    9   11   13   38  140  256  307    0
  116  203   34   11    9   13   35  132  265  315    0
  117  196   30   11   10   11   38  151  261  315    0
  118  204   28    9   12   14   40  136  259  296    0
  119  218   26   10    8   14   39  138  252  288    0
  120  182   24    8    8   13   40  144  268  295    0
  121  196   25    8   10   14   34  157  254  303    0
  122  182   22    7   10   14   45  149  255  316    0
  123  188   22    7   11   14   34  140  261  322    0
  124  201   18    6   11   15   38  163  263  307    0
  125  199   24    6   10   15   36  154  249  303    0
  126  205   27    7    9   16   34  153  255  307    0
  127  217   28   11    8   16   34  143  255  307    0
  128  205   26    9    8   15   36  133  259  292    0
  129  199   33    8    8   14   30  147  261  297    0
  130  205   26    7    9   18   30  143  256  304    0
  131  217   29   10    8   12   33  126  243  298    0
  132  212   33    8    8   16   32  134  254  305    0
  133  208   35    8    9   16   33  146  255  318    0
  134  205   26    8    8   17   34  155  255  307    0
  135  203   30    8   10   14   35  149  265  315    0
  136  220   33   11    9   16   31  148  257  315    0
  137  191   35    9    8   16   38  143  255  304    0
  138  205   29   13    8   16   40  143  260  310    0
  139  217   30   13    8   16   39  152  254  296    0
  140  219   27    9    9   16   40  136  248  311    0
  141  207   24   12    8   15   44  120  246  305    0
  142  182   26   11    9   18   42  128  257  299    0
  143  182   26   11    9   18   42  128  257  299    0
  144  197   26    9   10   17   44  141  249  316    0
  145  191   29   12    9   17   42  131  246  308    0
  146  193   29    8   10   17   43  152  259  300    0
  147  206   25    8    9   18   46  142  252  297    0
  148  199   25    9    8   16   46  138  255  290    0
  149  204   26    9    8   17   44  143  257  298    0
  150  193   22   11    8   17   45  137  263  305    0
  151  196   23    8    8   18   41  159  256  295    0
  152  201   35   10    9   14   45  147  255  305    0
  153  202   25   10    7   17   40  142  270  298    0
  154  200   26    7    9   17   42  156  255  304    0
  155  198   25    5   10   16   44  146  259  291    0
  156  199   24    7    9   15   45  146  253  293    0
  157  188   28    8   10   14   51  153  246  297    0
  158  187   33    6    9   15   41  152  262  316    0
  159  216   34    8   11   15   45  142  262  305    0
  160  196   32    9    8   14   47  144  255  294    0
  161  183   35    7   10   15   49  155  267  305    0
  162  194   30    9    9   14   52  156  260  313    0
  163  200   40    5   10   15   54  153  256  315    0
  164  196   36    7    8   13   47  161  259  315    0
  165  202   33    7   10   16   52  151  257  296    0
  166  211   33    6   11   13   46  144  252  309    0
  167  211   36    6   12   12   45  138  260  306    0
  168  201   35    7   11   13   47  151  250  323    0
  169  206   33    6   10   12   51  142  262  300    0
  170  209   33    9   10   14   40  129  251  301    0
  171  189   31    8    8   14   47  143  259  312    0
  172  198   30    6   10   16   45  144  244  315    0
  173  212   40   11    8   12   45  142  253  302    0
  174  202   34    7   12   15   47  144  259  301    0
  175  196   31   10    8   15   43  148  261  308    0
  176  207   34    9   10   11   45  140  255  298    0
  177  202   26    8    9   14   47  138  252  300    0
  178  187   26    8   11   13   53  142  259  300    0
  179  203   27    7   12   15   44  144  265  304    0
  180  181   21    9   11   15   46  140  262  310    0
  181  201   27    9   12   14   45  134  268  312    0
  182  198   28    7   10   15   43  149  251  303    0
  183  193   27    8    9   14   43  134  243  321    0
  184  199   30    6   12   13   43  133  243  306    0
  185  194   27    8    8   16   42  127  241  315    0
  186  206   35    9    8   17   39  140  258  303    0
  187  194   32   11   10   13   44  139  247  307    0
  188  193   34   10    9   10   43  146  240  315    0
  189  199   31   11   10   11   38  143  249  304    0
  190  205   31   10   10   14   37  139  246  308    0
  191  198   29    8   11   14   38  129  252  320    0
  192  193   30    7   12   13   38  125  241  311    0
  193  204   32    9   11   14   41  131  250  316    0
  194  195   34    7   10   14   43  144  245  306    0
  195  200   27    8   11   15   40  128  246  310    0
  196  197   40    7   12   12   44  144  242  302    0
  197  192   33   10    9   14   40  147  232  307    0
  198  209   33    9   10   13   37  143  259  297    0
  199  195   34    9    8   13   39  145  248  308    0
  200  196   35    6   12   11   34  138  250  289    0
  201  202   29    9   12   13   34  144  231  295    0
  202  193   32    9   10    9   33  134  242  298    0
  203  191   33   11   10   11   36  124  233  308    0
  204  198   31    9    8   11   35  126  247  297    0
  205  211   28   10    9   13   32  132  243  307    0
  206  197   37    7    8   11   38  132  235  311    0
  207  195   31    7   10   12   35  133  251  301    0
  208  188   29    6   10   12   34  136  239  294    0
  209  198   24    5   11   11   35  120  239  308    0
  210  193   31    5   11   13   30  124  235  302    0
  211  184   28    8    9   13   34  132  255  303    0
  212  186   26    6    9   14   35  129  242  312    0
  213  189   27    6   11   11   38  130  253  305    0
  214  184   31    5   10   13   36  138  245  300    0
  215  190   28    8   11   12   35  130  231  302    0
  216  198   27    9    5   13   34  139  244  308    0
  217  191   27    7    9   12   38  127  244  294    0
  218  203   28    7   10   11   38  129  246  306    0
  219  199   29    7   10   12   36  141  241  321    0
  220  210   29    8   10   13   33  137  237  316    0
  221  202   28    7    8   12   37  133  245  283    0
  222  193   25    8    8   14   34  134  249  302    0
  223  192   39    9    8   12   37  140  240  295    0
  224  192   29    6   11   11   37  134  241  297    0
  225  194   31    7   11   13   37  144  244  304    0
  226  192   28    6   10   12   38  139  255  296    0
  227  201   28    5   11   13   35  139  246  299    0
  228  191   30    7    9   13   39  142  251  302    0
  229  192   31    7    7   14   36  135  248  299    0
  230  185   32    6   10   13   37  142  240  308    0
  231  195   35    5   12   14   35  142  242  303    0
  232  194   31    5   12   13   38  157  245  313    0
  233  205   38   10    8   13   40  138  249  301    0
  234  201   33   13    8   13   38  136  251  287    0
  235  195   36    9    8   12   36  137  238  289    0
  236  210   32    9    8   13   42  137  242  311    0
  237  210   35    7   11   14   34  135  259  302    0
  238  198   30    8   11   12   38  146  231  299    0
  239  203   29    9    9   13   36  133  236  287    0
  240  196   31    9   10   11   35  131  244  283    0
  241  201   35    7   10   14   38  144  230  307    0
  242  206   25   10    9   13   36  125  241  294    0
  243  208   35    8   10   13   36  131  256  296    0
  244  213   33    7   12   10   38  127  247  298    0
  245  207   24   10   10   11   38  142  244  292    0
  246  214   27    9    9   12   35  129  239  309    0
  247  206   27   11    8   12   35  122  247  308    0
  248  213   24    9    8   12   37  137  241  276    0
  249  205   27    7    8   13   35  150  240  306    0
  250  205   26   11    8   12   36  141  234  292    0
  251  203   30    7   10   12   36  137  245  295    0
  252  195   30    7    9   13   35  144  233  303    0
  253  204   32    9   10   10   33  138  237  299    0
  254  198   26   10   10   13   30  135  247  297    0
  255  199   33    7    9   11   34  149  239  298    0
  256  191   28    8    9   13   33  142  251  294    0
  257  193   29    9    8   13   32  151  241  297    0
  258  196   26    8   10   10   32  151  239  282    0
  259  198   28    7    8   12   34  155  236  301    0
  260  195   33    8    8   12   35  130  258  292    0
  261  184   24    5   10   10   42  134  251  279    0
  262  191   26    6    9   14   37  143  256  288    0
  263  206   33    7   10   13   31  140  239  295    0
