# output generated by hbond_network -f /oasis/scratch/comet/scychon/temp_project/CcO/gromacs_new/pmp_popc/from_ppdoo_solvate/MDRun/pmp_from_ppdoo_eq.xtc
 -900.000000           3    0.030000           0    0.000000
 -800.000000           4    0.040000           0    0.000000
 -700.000000           1    0.010000           1    0.010000
 -600.000000           1    0.010000           0    0.000000
 -500.000000           7    0.070000           1    0.010000
 -400.000000           1    0.010000           0    0.000000
 -300.000000           1    0.010000           2    0.020000
 -200.000000           4    0.040000           1    0.010000
 -100.000000           1    0.010000           0    0.000000
    0.000000           8    0.080000           0    0.000000
    0.000000           1    1.000000           0    0.000000
# output generated by hbond_network -f /oasis/scratch/comet/scychon/temp_project/CcO/gromacs_new/pmp_popc/from_ppdoo_solvate/MDRun/pmp_from_ppdoo_12ns.xtc
 1099.000000           9    0.090000           0    0.000000
 1199.000000           2    0.020000           0    0.000000
 1299.000000           3    0.030000           0    0.000000
 1399.000000           4    0.040000           0    0.000000
 1499.000000           0    0.000000           0    0.000000
 1599.000000           2    0.020000           1    0.010000
 1699.000000          11    0.110000           0    0.000000
 1799.000000           0    0.000000           0    0.000000
 1899.000000           0    0.000000           0    0.000000
 1999.000000           6    0.060000           0    0.000000
 2099.000000           0    0.000000           0    0.000000
 2199.000000           0    0.000000           0    0.000000
 2299.000000           0    0.000000           0    0.000000
 2399.000000           1    0.010000           0    0.000000
 2499.000000           0    0.000000           0    0.000000
 2599.000000           0    0.000000           0    0.000000
 2699.000000           0    0.000000           0    0.000000
 2799.000000           0    0.000000           0    0.000000
 2899.000000           1    0.010000           1    0.010000
 2999.000000           0    0.000000           0    0.000000
 3099.000000           3    0.030000           3    0.030000
 3199.000000           0    0.000000           0    0.000000
 3299.000000           0    0.000000           0    0.000000
 3399.000000           0    0.000000           0    0.000000
 3499.000000           1    0.010000           0    0.000000
 3599.000000           0    0.000000           0    0.000000
 3699.000000           0    0.000000           0    0.000000
 3799.000000           1    0.010000           0    0.000000
 3899.000000           1    0.010000           0    0.000000
 3999.000000           3    0.030000           0    0.000000
 4099.000000          10    0.100000           0    0.000000
 4199.000000           2    0.020000           1    0.010000
 4299.000000           2    0.020000           0    0.000000
 4399.000000           2    0.020000           0    0.000000
 4499.000000           2    0.020000           0    0.000000
 4599.000000           1    0.010000           0    0.000000
 4699.000000           0    0.000000           0    0.000000
 4799.000000           1    0.010000           0    0.000000
 4899.000000           2    0.020000           0    0.000000
 4999.000000           3    0.030000           1    0.010000
 5099.000000           7    0.070000           1    0.010000
 5199.000000           2    0.020000           0    0.000000
 5299.000000           0    0.000000           0    0.000000
 5399.000000           1    0.010000           0    0.000000
 5499.000000           0    0.000000           0    0.000000
 5599.000000           3    0.030000           0    0.000000
 5699.000000           1    0.010000           0    0.000000
 5799.000000           0    0.000000           0    0.000000
 5899.000000           2    0.020000           2    0.020000
 5999.000000           0    0.000000           0    0.000000
 6099.000000           0    0.000000           0    0.000000
 6199.000000           0    0.000000           0    0.000000
 6299.000000           0    0.000000           0    0.000000
 6399.000000           1    0.010000           0    0.000000
 6499.000000           4    0.040000           0    0.000000
 6599.000000          10    0.100000           1    0.010000
 6699.000000           5    0.050000           0    0.000000
 6799.000000           7    0.070000           0    0.000000
 6899.000000           3    0.030000           0    0.000000
 6999.000000           7    0.070000           0    0.000000
 7099.000000           6    0.060000           0    0.000000
 7199.000000           4    0.040000           1    0.010000
 7299.000000           5    0.050000           0    0.000000
 7399.000000          11    0.110000           0    0.000000
 7499.000000           3    0.030000           0    0.000000
 7599.000000           0    0.000000           0    0.000000
 7699.000000           3    0.030000           0    0.000000
 7799.000000           4    0.040000           0    0.000000
 7899.000000           4    0.040000           2    0.020000
 7999.000000           0    0.000000           0    0.000000
 8099.000000           2    0.020000           0    0.000000
 8199.000000           1    0.010000           2    0.020000
 8299.000000          10    0.100000           2    0.020000
 8399.000000          14    0.140000           2    0.020000
 8499.000000          15    0.150000           0    0.000000
 8599.000000           9    0.090000           0    0.000000
 8699.000000           4    0.040000           0    0.000000
 8799.000000           7    0.070000           0    0.000000
 8899.000000           6    0.060000           1    0.010000
 8999.000000           7    0.070000           0    0.000000
 9099.000000           3    0.030000           0    0.000000
 9199.000000          11    0.110000           0    0.000000
 9299.000000           6    0.060000           0    0.000000
 9399.000000           3    0.030000           0    0.000000
 9499.000000          11    0.110000           0    0.000000
 9599.000000           8    0.080000           1    0.010000
 9699.000000          10    0.100000           1    0.010000
 9799.000000           4    0.040000           1    0.010000
 9899.000000           1    0.010000           1    0.010000
 9999.000000           1    0.010000           0    0.000000
10099.000000           3    0.030000           0    0.000000
10199.000000           1    0.010000           0    0.000000
10299.000000           8    0.080000           0    0.000000
10399.000000           9    0.090000           1    0.010000
10499.000000           7    0.070000           2    0.020000
10599.000000           9    0.090000           0    0.000000
10699.000000           6    0.060000           1    0.010000
10799.000000           5    0.050000           2    0.020000
10899.000000           5    0.050000           0    0.000000
10999.000000           5    0.050000           0    0.000000
11099.000000          12    0.120000           1    0.010000
11199.000000           5    0.050000           0    0.000000
11299.000000           2    0.020000           0    0.000000
11399.000000           9    0.090000           0    0.000000
11499.000000           3    0.030000           0    0.000000
11599.000000           0    0.000000           0    0.000000
11699.000000           0    0.000000           0    0.000000
11799.000000           9    0.090000           0    0.000000
11899.000000          11    0.110000           0    0.000000
11999.000000           3    0.030000           2    0.020000
12099.000000           3    0.030000           1    0.010000
12199.000000           2    0.020000           0    0.000000
12299.000000           2    0.020000           0    0.000000
12399.000000           2    0.020000           0    0.000000
12499.000000          10    0.100000           0    0.000000
12500.000000           0    0.000000           0    0.000000
# output generated by hbond_network -f /oasis/scratch/comet/scychon/temp_project/CcO/gromacs_new/pmp_popc/from_ppdoo_solvate/MDRun/pmp_from_ppdoo_25ns.xtc
12598.000000           2    0.020000           0    0.000000
12698.000000           4    0.040000           1    0.010000
12798.000000           6    0.060000           2    0.020000
12898.000000           7    0.070000           0    0.000000
12998.000000          21    0.210000           0    0.000000
13098.000000           1    0.010000           0    0.000000
13198.000000           2    0.020000           0    0.000000
13298.000000          10    0.100000           0    0.000000
13398.000000           8    0.080000           0    0.000000
13498.000000           0    0.000000           0    0.000000
13598.000000           4    0.040000           2    0.020000
13698.000000           1    0.010000           0    0.000000
13798.000000           2    0.020000           0    0.000000
13898.000000           0    0.000000           0    0.000000
13998.000000           0    0.000000           0    0.000000
14098.000000           3    0.030000           0    0.000000
14198.000000           0    0.000000           0    0.000000
14298.000000           0    0.000000           0    0.000000
14398.000000           0    0.000000           0    0.000000
14498.000000           3    0.030000           1    0.010000
14598.000000          15    0.150000           0    0.000000
14698.000000          15    0.150000           0    0.000000
14798.000000           6    0.060000           0    0.000000
14898.000000           2    0.020000           0    0.000000
14998.000000           3    0.030000           0    0.000000
15098.000000           5    0.050000           0    0.000000
15198.000000           4    0.040000           0    0.000000
15298.000000           2    0.020000           0    0.000000
15398.000000           0    0.000000           0    0.000000
15498.000000           0    0.000000           0    0.000000
15598.000000           5    0.050000           0    0.000000
15698.000000           3    0.030000           0    0.000000
15798.000000           0    0.000000           0    0.000000
15898.000000           1    0.010000           0    0.000000
15998.000000           3    0.030000           0    0.000000
16098.000000           1    0.010000           0    0.000000
16198.000000           1    0.010000           0    0.000000
16298.000000           1    0.010000           0    0.000000
16398.000000           3    0.030000           1    0.010000
16498.000000           1    0.010000           2    0.020000
16598.000000           2    0.020000           3    0.030000
16698.000000           2    0.020000           0    0.000000
16798.000000           5    0.050000           2    0.020000
16898.000000           2    0.020000           2    0.020000
16998.000000           2    0.020000           1    0.010000
17098.000000           0    0.000000           2    0.020000
17153.000000           0    0.000000           0    0.000000
# output generated by hbond_network -f /oasis/scratch/comet/scychon/temp_project/CcO/gromacs_new/pmp_popc/from_ppdoo_solvate/MDRun/pmp_from_ppdoo_37ns.xtc
25044.000000          14    0.140000          13    0.130000
25144.000000           8    0.080000           3    0.030000
25244.000000           3    0.030000           1    0.010000
25344.000000           2    0.020000           2    0.020000
25444.000000           0    0.000000           2    0.020000
25544.000000           0    0.000000           0    0.000000
25644.000000           0    0.000000           0    0.000000
25744.000000           3    0.030000           0    0.000000
25844.000000           2    0.020000           0    0.000000
25944.000000           0    0.000000           0    0.000000
26044.000000           4    0.040000           0    0.000000
26144.000000           0    0.000000           4    0.040000
26244.000000           1    0.010000           6    0.060000
26344.000000           6    0.060000           5    0.050000
26444.000000           1    0.010000           1    0.010000
26544.000000           2    0.020000           1    0.010000
26644.000000           2    0.020000           1    0.010000
26744.000000           1    0.010000           3    0.030000
26844.000000           2    0.020000           0    0.000000
26944.000000           5    0.050000           0    0.000000
27044.000000           4    0.040000           0    0.000000
27144.000000           5    0.050000           2    0.020000
27244.000000           4    0.040000           9    0.090000
27344.000000           6    0.060000           7    0.070000
27444.000000           4    0.040000           8    0.080000
27544.000000          21    0.210000          22    0.220000
27644.000000           7    0.070000          13    0.130000
27744.000000          10    0.100000           9    0.090000
27844.000000           0    0.000000           0    0.000000
27944.000000           2    0.020000           1    0.010000
28044.000000           2    0.020000           2    0.020000
28144.000000           1    0.010000           0    0.000000
28244.000000           3    0.030000           1    0.010000
28344.000000           1    0.010000           1    0.010000
28444.000000           0    0.000000           0    0.000000
28544.000000           0    0.000000           0    0.000000
28644.000000           2    0.020000           0    0.000000
28744.000000           5    0.050000           0    0.000000
28844.000000           5    0.050000           4    0.040000
28944.000000           8    0.080000          14    0.140000
29044.000000           5    0.050000           1    0.010000
29144.000000           5    0.050000           0    0.000000
29244.000000           4    0.040000           1    0.010000
29344.000000           0    0.000000           0    0.000000
29444.000000           0    0.000000           0    0.000000
29544.000000           0    0.000000           0    0.000000
29644.000000           0    0.000000           0    0.000000
29744.000000           0    0.000000           0    0.000000
29844.000000           0    0.000000           0    0.000000
29944.000000           0    0.000000           0    0.000000
30044.000000           0    0.000000           0    0.000000
30144.000000           0    0.000000           0    0.000000
30244.000000           0    0.000000           0    0.000000
30344.000000           0    0.000000           0    0.000000
30444.000000           0    0.000000           0    0.000000
30544.000000           0    0.000000           0    0.000000
30644.000000           0    0.000000           0    0.000000
30744.000000           0    0.000000           0    0.000000
30844.000000           0    0.000000           0    0.000000
30944.000000           0    0.000000           0    0.000000
31044.000000           0    0.000000           0    0.000000
31144.000000           0    0.000000           0    0.000000
31244.000000           0    0.000000           0    0.000000
31344.000000           0    0.000000           0    0.000000
31444.000000           0    0.000000           0    0.000000
31544.000000           1    0.010000           2    0.020000
31644.000000           3    0.030000           0    0.000000
31744.000000           9    0.090000           1    0.010000
31844.000000           0    0.000000           0    0.000000
31944.000000           0    0.000000           2    0.020000
32044.000000           8    0.080000           0    0.000000
32144.000000           6    0.060000           1    0.010000
32244.000000           6    0.060000           0    0.000000
32344.000000           4    0.040000           0    0.000000
32444.000000           2    0.020000           0    0.000000
32544.000000           4    0.040000           0    0.000000
32644.000000           0    0.000000           0    0.000000
32744.000000           0    0.000000           0    0.000000
32844.000000           8    0.080000           0    0.000000
32944.000000          14    0.140000           0    0.000000
33044.000000          10    0.100000           0    0.000000
33144.000000           2    0.020000           0    0.000000
33244.000000           9    0.090000           0    0.000000
33344.000000           5    0.050000           0    0.000000
33444.000000           1    0.010000           1    0.010000
33544.000000           1    0.010000           0    0.000000
33644.000000           0    0.000000           0    0.000000
33744.000000           4    0.040000           0    0.000000
33844.000000          14    0.140000           0    0.000000
33944.000000          10    0.100000           0    0.000000
34044.000000           5    0.050000           0    0.000000
34144.000000           2    0.020000           0    0.000000
34244.000000           0    0.000000           0    0.000000
34344.000000           0    0.000000           0    0.000000
34444.000000           0    0.000000           0    0.000000
34544.000000           1    0.010000           0    0.000000
34644.000000           0    0.000000           0    0.000000
34744.000000           2    0.020000           0    0.000000
34844.000000           2    0.020000           1    0.010000
34944.000000           1    0.010000           0    0.000000
35044.000000           2    0.020000           0    0.000000
35144.000000           0    0.000000           0    0.000000
35244.000000           0    0.000000           0    0.000000
35344.000000           1    0.010000           0    0.000000
35444.000000           0    0.000000           0    0.000000
35544.000000           0    0.000000           0    0.000000
35644.000000           2    0.020000           0    0.000000
35744.000000           5    0.050000           0    0.000000
35844.000000           5    0.050000           0    0.000000
35944.000000           8    0.080000           1    0.010000
36044.000000           9    0.090000           1    0.010000
36144.000000           6    0.060000           0    0.000000
36244.000000           0    0.000000           0    0.000000
36344.000000           2    0.020000           0    0.000000
36444.000000           4    0.040000           0    0.000000
36544.000000           3    0.030000           0    0.000000
36644.000000           5    0.050000           0    0.000000
36744.000000           4    0.040000           0    0.000000
36844.000000           3    0.030000           0    0.000000
36944.000000          20    0.200000           0    0.000000
37044.000000           6    0.060000           1    0.010000
37144.000000           3    0.030000           0    0.000000
37244.000000           8    0.080000           0    0.000000
37344.000000           2    0.020000           0    0.000000
37444.000000           0    0.000000           0    0.000000
37500.000000           0    0.000000           0    0.000000
# output generated by hbond_network -f /oasis/scratch/comet/scychon/temp_project/CcO/gromacs_new/pmp_popc/from_ppdoo_solvate/MDRun/pmp_from_ppdoo_50ns.xtc
37543.000000           0    0.000000           0    0.000000
37643.000000           0    0.000000           0    0.000000
37743.000000           0    0.000000           0    0.000000
37843.000000           4    0.040000           1    0.010000
37943.000000           0    0.000000           0    0.000000
38043.000000           0    0.000000           0    0.000000
38143.000000           0    0.000000           0    0.000000
38243.000000           0    0.000000           0    0.000000
38343.000000           2    0.020000           0    0.000000
38443.000000           0    0.000000           0    0.000000
38543.000000           0    0.000000           0    0.000000
38643.000000           0    0.000000           0    0.000000
38743.000000           0    0.000000           0    0.000000
38843.000000           0    0.000000           1    0.010000
38943.000000           0    0.000000           0    0.000000
39043.000000           0    0.000000           0    0.000000
39143.000000           0    0.000000           0    0.000000
39243.000000           0    0.000000           0    0.000000
39343.000000           0    0.000000           0    0.000000
39443.000000           0    0.000000           0    0.000000
39543.000000           0    0.000000           0    0.000000
39643.000000           0    0.000000           0    0.000000
39743.000000           0    0.000000           0    0.000000
39843.000000           0    0.000000           0    0.000000
39943.000000           0    0.000000           0    0.000000
40043.000000           0    0.000000           0    0.000000
40143.000000           0    0.000000           0    0.000000
40243.000000           0    0.000000           0    0.000000
40343.000000           0    0.000000           0    0.000000
40443.000000           0    0.000000           0    0.000000
40543.000000           0    0.000000           0    0.000000
40643.000000           5    0.050000           0    0.000000
40743.000000           2    0.020000           0    0.000000
40843.000000           0    0.000000           0    0.000000
40943.000000           0    0.000000           0    0.000000
41043.000000           0    0.000000           0    0.000000
41143.000000           0    0.000000           0    0.000000
41243.000000           1    0.010000           0    0.000000
41343.000000           0    0.000000           0    0.000000
41443.000000           2    0.020000           1    0.010000
41543.000000           1    0.010000           0    0.000000
41643.000000           0    0.000000           0    0.000000
41743.000000           0    0.000000           0    0.000000
41843.000000           0    0.000000           0    0.000000
41943.000000           0    0.000000           0    0.000000
42043.000000           1    0.010000           0    0.000000
42143.000000           0    0.000000           0    0.000000
42243.000000           1    0.010000           1    0.010000
42343.000000           0    0.000000           0    0.000000
42443.000000           0    0.000000           0    0.000000
42543.000000           0    0.000000           0    0.000000
42643.000000           1    0.010000           0    0.000000
42743.000000           0    0.000000           0    0.000000
42843.000000           0    0.000000           0    0.000000
42943.000000           1    0.010000           1    0.010000
43043.000000           0    0.000000           0    0.000000
43143.000000           0    0.000000           0    0.000000
43243.000000           0    0.000000           0    0.000000
43343.000000           0    0.000000           0    0.000000
43443.000000           0    0.000000           0    0.000000
43543.000000           0    0.000000           0    0.000000
43643.000000           0    0.000000           0    0.000000
43743.000000           0    0.000000           0    0.000000
43843.000000           1    0.010000           1    0.010000
43943.000000           1    0.010000           6    0.060000
44043.000000           3    0.030000           6    0.060000
44143.000000           0    0.000000           2    0.020000
44243.000000           4    0.040000           8    0.080000
44343.000000           3    0.030000           6    0.060000
44443.000000           2    0.020000           3    0.030000
44543.000000           0    0.000000           0    0.000000
44643.000000           0    0.000000           0    0.000000
44743.000000           1    0.010000           6    0.060000
44843.000000           0    0.000000           1    0.010000
44943.000000           2    0.020000           5    0.050000
45043.000000           3    0.030000           4    0.040000
45143.000000           1    0.010000           2    0.020000
45243.000000           6    0.060000           2    0.020000
45343.000000           3    0.030000           4    0.040000
45443.000000           0    0.000000           1    0.010000
45543.000000           0    0.000000           0    0.000000
45643.000000           0    0.000000           0    0.000000
45743.000000           0    0.000000           1    0.010000
45843.000000           0    0.000000           0    0.000000
45943.000000           0    0.000000           0    0.000000
46043.000000           0    0.000000           0    0.000000
46143.000000           0    0.000000           2    0.020000
46243.000000           0    0.000000           0    0.000000
46343.000000           0    0.000000           0    0.000000
46443.000000           0    0.000000           0    0.000000
46543.000000           0    0.000000           0    0.000000
46643.000000           0    0.000000           0    0.000000
46743.000000           0    0.000000           0    0.000000
46843.000000           0    0.000000           0    0.000000
46943.000000           0    0.000000           0    0.000000
47043.000000           0    0.000000           0    0.000000
47143.000000           0    0.000000           0    0.000000
47243.000000           0    0.000000           0    0.000000
47343.000000           4    0.040000           2    0.020000
47443.000000           1    0.010000           0    0.000000
47543.000000           1    0.010000           1    0.010000
47643.000000           0    0.000000           0    0.000000
47743.000000           0    0.000000           0    0.000000
47843.000000           0    0.000000           0    0.000000
47943.000000           0    0.000000           0    0.000000
48043.000000           0    0.000000           0    0.000000
48143.000000           5    0.050000           2    0.020000
48243.000000           7    0.070000           7    0.070000
48343.000000           0    0.000000           0    0.000000
48443.000000           1    0.010000           1    0.010000
48543.000000           0    0.000000           0    0.000000
48643.000000           1    0.010000           0    0.000000
48743.000000           0    0.000000           0    0.000000
48843.000000           1    0.010000           0    0.000000
48943.000000           3    0.030000           0    0.000000
49043.000000           0    0.000000           0    0.000000
49143.000000           0    0.000000           0    0.000000
49243.000000           0    0.000000           0    0.000000
49343.000000           0    0.000000           0    0.000000
49443.000000           0    0.000000           0    0.000000
49543.000000           0    0.000000           0    0.000000
49643.000000           0    0.000000           0    0.000000
49743.000000           0    0.000000           0    0.000000
49843.000000           0    0.000000           0    0.000000
49943.000000           0    0.000000           0    0.000000
50000.000000           0    0.000000           0    0.000000
