# output generated by hbond_network -f /oasis/scratch/scychon/temp_project/CcO/gromacs/ppdoo_popc/from_pr/MDRun/NPT/ppdoo_popc_7ns.xtc
  100.000000           0    0.000000           0    0.000000
  200.000000           0    0.000000           0    0.000000
  300.000000           0    0.000000           0    0.000000
  400.000000           0    0.000000           0    0.000000
  500.000000           0    0.000000           0    0.000000
  600.000000           0    0.000000           0    0.000000
  700.000000           0    0.000000           0    0.000000
  800.000000           0    0.000000           0    0.000000
  900.000000           0    0.000000           0    0.000000
 1000.000000           0    0.000000           0    0.000000
 1100.000000           0    0.000000           0    0.000000
 1200.000000           0    0.000000           0    0.000000
 1300.000000           0    0.000000           0    0.000000
 1400.000000           0    0.000000           0    0.000000
 1500.000000           0    0.000000           0    0.000000
 1600.000000           0    0.000000           0    0.000000
 1700.000000           0    0.000000           0    0.000000
 1800.000000           0    0.000000           0    0.000000
 1900.000000           0    0.000000           0    0.000000
 2000.000000           0    0.000000           0    0.000000
 2100.000000           0    0.000000           0    0.000000
 2200.000000           0    0.000000           0    0.000000
 2300.000000           0    0.000000           0    0.000000
 2400.000000           0    0.000000           0    0.000000
 2500.000000           0    0.000000           0    0.000000
 2600.000000           0    0.000000           0    0.000000
 2700.000000           0    0.000000           0    0.000000
 2800.000000           0    0.000000           0    0.000000
 2900.000000           0    0.000000           0    0.000000
 3000.000000           0    0.000000           0    0.000000
 3100.000000           0    0.000000           0    0.000000
 3200.000000           0    0.000000           0    0.000000
 3300.000000           0    0.000000           0    0.000000
 3400.000000           0    0.000000           0    0.000000
 3500.000000           0    0.000000           0    0.000000
 3600.000000           0    0.000000           0    0.000000
 3700.000000           0    0.000000           0    0.000000
 3800.000000           0    0.000000           0    0.000000
 3900.000000           0    0.000000           0    0.000000
 4000.000000           0    0.000000           0    0.000000
 4100.000000           0    0.000000           0    0.000000
 4200.000000           0    0.000000           0    0.000000
 4300.000000           0    0.000000           0    0.000000
 4400.000000           0    0.000000           0    0.000000
 4500.000000           0    0.000000           0    0.000000
 4600.000000           0    0.000000           0    0.000000
 4700.000000           0    0.000000           0    0.000000
 4800.000000           0    0.000000           0    0.000000
 4900.000000           0    0.000000           0    0.000000
 5000.000000           0    0.000000           0    0.000000
 5100.000000           0    0.000000           0    0.000000
 5200.000000           0    0.000000           0    0.000000
 5300.000000           0    0.000000           0    0.000000
 5400.000000           0    0.000000           0    0.000000
 5500.000000           0    0.000000           0    0.000000
 5600.000000           0    0.000000           0    0.000000
 5700.000000           0    0.000000           0    0.000000
 5800.000000           0    0.000000           0    0.000000
 5900.000000           0    0.000000           0    0.000000
 6000.000000           0    0.000000           0    0.000000
 6100.000000           0    0.000000           0    0.000000
 6200.000000           0    0.000000           0    0.000000
 6300.000000           0    0.000000           0    0.000000
 6400.000000           0    0.000000           0    0.000000
 6500.000000           0    0.000000           0    0.000000
 6600.000000           0    0.000000           0    0.000000
 6700.000000           0    0.000000           0    0.000000
 6800.000000           0    0.000000           0    0.000000
 6900.000000           0    0.000000           0    0.000000
 7000.000000           0    0.000000           0    0.000000
 7000.000000           0    0.000000           0    0.000000
# output generated by hbond_network -f /oasis/scratch/scychon/temp_project/CcO/gromacs/ppdoo_popc/from_pr/MDRun/NPT/ppdoo_popc_14ns.xtc
 7099.000000           0    0.000000           0    0.000000
 7199.000000           0    0.000000           0    0.000000
 7299.000000           0    0.000000           0    0.000000
 7399.000000           0    0.000000           0    0.000000
 7499.000000           0    0.000000           0    0.000000
 7599.000000           0    0.000000           0    0.000000
 7699.000000           0    0.000000           0    0.000000
 7799.000000           0    0.000000           0    0.000000
 7899.000000           0    0.000000           0    0.000000
 7999.000000           0    0.000000           0    0.000000
 8099.000000           0    0.000000           0    0.000000
 8199.000000           0    0.000000           0    0.000000
 8299.000000           0    0.000000           0    0.000000
 8399.000000           0    0.000000           0    0.000000
 8499.000000           0    0.000000           0    0.000000
 8599.000000           0    0.000000           0    0.000000
 8699.000000           0    0.000000           0    0.000000
 8799.000000           0    0.000000           0    0.000000
 8899.000000           0    0.000000           0    0.000000
 8999.000000           0    0.000000           0    0.000000
 9099.000000           0    0.000000           0    0.000000
 9199.000000           0    0.000000           0    0.000000
 9299.000000           0    0.000000           0    0.000000
 9399.000000           0    0.000000           0    0.000000
 9499.000000           0    0.000000           0    0.000000
 9599.000000           0    0.000000           0    0.000000
 9699.000000           0    0.000000           0    0.000000
 9799.000000           0    0.000000           0    0.000000
 9899.000000           0    0.000000           0    0.000000
 9999.000000           0    0.000000           0    0.000000
10099.000000           0    0.000000           0    0.000000
10199.000000           0    0.000000           0    0.000000
10299.000000           0    0.000000           0    0.000000
10399.000000           0    0.000000           0    0.000000
10499.000000           0    0.000000           0    0.000000
10599.000000           0    0.000000           0    0.000000
10699.000000           0    0.000000           0    0.000000
10799.000000           0    0.000000           0    0.000000
10899.000000           0    0.000000           0    0.000000
10999.000000           0    0.000000           0    0.000000
11099.000000           0    0.000000           0    0.000000
11199.000000           0    0.000000           0    0.000000
11299.000000           0    0.000000           0    0.000000
11399.000000           0    0.000000           0    0.000000
11499.000000           0    0.000000           0    0.000000
11599.000000           0    0.000000           0    0.000000
11699.000000           0    0.000000           0    0.000000
11799.000000           0    0.000000           0    0.000000
11899.000000           0    0.000000           0    0.000000
11999.000000           0    0.000000           0    0.000000
12099.000000           0    0.000000           1    0.010000
12199.000000           0    0.000000           0    0.000000
12299.000000           1    0.010000           1    0.010000
12399.000000           0    0.000000           0    0.000000
12499.000000           1    0.010000           0    0.000000
12599.000000           0    0.000000           0    0.000000
12699.000000           0    0.000000           0    0.000000
12799.000000           1    0.010000           0    0.000000
12899.000000           0    0.000000           0    0.000000
12999.000000           0    0.000000           0    0.000000
13099.000000           2    0.020000           0    0.000000
13199.000000           1    0.010000           1    0.010000
13299.000000           0    0.000000           0    0.000000
13399.000000           0    0.000000           0    0.000000
13499.000000           1    0.010000           0    0.000000
13599.000000           1    0.010000           0    0.000000
13699.000000           0    0.000000           0    0.000000
13799.000000           0    0.000000           0    0.000000
13899.000000           2    0.020000           2    0.020000
13999.000000           0    0.000000           0    0.000000
14000.000000           0    0.000000           0    0.000000
# output generated by hbond_network -f /oasis/scratch/scychon/temp_project/CcO/gromacs/ppdoo_popc/from_pr/MDRun/NPT/ppdoo_popc_26ns.xtc
14098.000000           0    0.000000           0    0.000000
14198.000000           0    0.000000           1    0.010000
14298.000000           0    0.000000           0    0.000000
14398.000000           0    0.000000           0    0.000000
14498.000000           3    0.030000           0    0.000000
14598.000000           0    0.000000           0    0.000000
14698.000000           0    0.000000           0    0.000000
14798.000000           0    0.000000           0    0.000000
14898.000000           2    0.020000           0    0.000000
14998.000000           2    0.020000           0    0.000000
15098.000000           0    0.000000           0    0.000000
15198.000000           5    0.050000           0    0.000000
15298.000000           7    0.070000           2    0.020000
15398.000000           3    0.030000           2    0.020000
15498.000000           0    0.000000           0    0.000000
15598.000000           0    0.000000           0    0.000000
15698.000000           2    0.020000           0    0.000000
15798.000000           2    0.020000           3    0.030000
15898.000000           3    0.030000           1    0.010000
15998.000000           0    0.000000           0    0.000000
16098.000000           3    0.030000           2    0.020000
16198.000000           4    0.040000           1    0.010000
16298.000000           2    0.020000           1    0.010000
16398.000000           6    0.060000           1    0.010000
16498.000000           0    0.000000           0    0.000000
16598.000000           0    0.000000           0    0.000000
16698.000000           0    0.000000           0    0.000000
16798.000000           0    0.000000           0    0.000000
16898.000000           0    0.000000           1    0.010000
16998.000000           1    0.010000           0    0.000000
17098.000000           0    0.000000           0    0.000000
17198.000000          14    0.140000           1    0.010000
17298.000000           8    0.080000           4    0.040000
17398.000000           2    0.020000           2    0.020000
17498.000000           0    0.000000           0    0.000000
17598.000000           1    0.010000           0    0.000000
17698.000000           4    0.040000           2    0.020000
17798.000000          11    0.110000           3    0.030000
17898.000000           3    0.030000           1    0.010000
17998.000000           1    0.010000           0    0.000000
18098.000000           1    0.010000           0    0.000000
18198.000000           7    0.070000           2    0.020000
18298.000000           1    0.010000           1    0.010000
18398.000000           0    0.000000           0    0.000000
18498.000000           0    0.000000           0    0.000000
18598.000000           0    0.000000           0    0.000000
18698.000000           0    0.000000           0    0.000000
18798.000000           1    0.010000           1    0.010000
18898.000000           0    0.000000           0    0.000000
18998.000000           0    0.000000           0    0.000000
19098.000000           0    0.000000           0    0.000000
19198.000000           0    0.000000           2    0.020000
19298.000000           0    0.000000           0    0.000000
19398.000000           0    0.000000           1    0.010000
19498.000000           0    0.000000           0    0.000000
19598.000000           1    0.010000           1    0.010000
19698.000000           2    0.020000           2    0.020000
19798.000000           1    0.010000           0    0.000000
19898.000000           0    0.000000           0    0.000000
19998.000000           0    0.000000           0    0.000000
20098.000000           0    0.000000           0    0.000000
20198.000000           0    0.000000           0    0.000000
20298.000000           0    0.000000           1    0.010000
20398.000000           3    0.030000           2    0.020000
20498.000000           1    0.010000           1    0.010000
20598.000000           3    0.030000           2    0.020000
20698.000000           1    0.010000           1    0.010000
20798.000000           3    0.030000           0    0.000000
20898.000000           1    0.010000           1    0.010000
20998.000000           0    0.000000           0    0.000000
21098.000000           0    0.000000           0    0.000000
21198.000000           0    0.000000           0    0.000000
21298.000000           1    0.010000           0    0.000000
21398.000000           0    0.000000           0    0.000000
21498.000000           0    0.000000           0    0.000000
21598.000000           1    0.010000           1    0.010000
21698.000000           0    0.000000           0    0.000000
21798.000000           0    0.000000           0    0.000000
21898.000000           0    0.000000           0    0.000000
21998.000000           0    0.000000           0    0.000000
22098.000000           0    0.000000           0    0.000000
22198.000000           0    0.000000           0    0.000000
22298.000000           0    0.000000           0    0.000000
22398.000000           0    0.000000           1    0.010000
22498.000000           0    0.000000           0    0.000000
22598.000000           0    0.000000           0    0.000000
22698.000000           0    0.000000           0    0.000000
22798.000000           1    0.010000           0    0.000000
22898.000000           0    0.000000           0    0.000000
22998.000000           0    0.000000           0    0.000000
23098.000000           0    0.000000           0    0.000000
23198.000000           0    0.000000           2    0.020000
23298.000000           0    0.000000           0    0.000000
23398.000000           0    0.000000           0    0.000000
23498.000000           0    0.000000           0    0.000000
23598.000000           0    0.000000           0    0.000000
23698.000000           0    0.000000           0    0.000000
23798.000000           0    0.000000           0    0.000000
23898.000000           0    0.000000           0    0.000000
23998.000000           0    0.000000           0    0.000000
24098.000000           0    0.000000           0    0.000000
24198.000000           0    0.000000           0    0.000000
24298.000000           0    0.000000           1    0.010000
24398.000000           0    0.000000           0    0.000000
24498.000000           0    0.000000           0    0.000000
24598.000000           0    0.000000           0    0.000000
24698.000000           0    0.000000           1    0.010000
24798.000000           0    0.000000           0    0.000000
24898.000000           0    0.000000           0    0.000000
24998.000000           0    0.000000           0    0.000000
25098.000000           1    0.010000           2    0.020000
25198.000000           0    0.000000           0    0.000000
25298.000000           0    0.000000           0    0.000000
25398.000000           0    0.000000           0    0.000000
25498.000000           0    0.000000           0    0.000000
25598.000000           0    0.000000           0    0.000000
25698.000000           0    0.000000           0    0.000000
25798.000000           0    0.000000           0    0.000000
25898.000000           0    0.000000           0    0.000000
25998.000000           0    0.000000           0    0.000000
26000.000000           0    0.000000           0    0.000000
