     1     1     1     1   0.31114   7.45772   2.32039   9.00000   6.00000   0.00000  16.00000
     2     1     1     2   0.93577   1.21855   1.14029   4.00000   1.00000   0.00000   8.00000
     3     1     1     3  12.75571   0.00613   0.07817   0.00000   0.00000   0.00000   2.00000
     4     1     1     5  56.17412   0.00032   0.01780   0.00000   0.00000   0.00000   1.00000
     5     1     1     6   2.46909   0.34525   0.85244   1.00000   0.00000   0.00000   7.00000
     6     1     1     7   0.57932   3.88705   2.25185  11.00000   3.00000   0.00000  14.00000
     7     1     1     8   0.19995   9.14805   1.82914  10.00000   7.00000   1.00000  17.00000
     8     1     1     9   0.28767   8.46001   2.43372   6.00000   8.00000   0.00000  17.00000
     9     1     2     1   0.21569   9.04763   1.95144   9.00000  11.00000   0.00000  17.00000
    10     1     2     2   0.90174   1.24499   1.12266   3.00000   0.00000   0.00000   7.00000
    11     1     2     3   4.41695   0.04876   0.21536   0.00000   0.00000   0.00000   1.00000
    12     1     2     5  67.22092   0.00031   0.02063   0.00000   0.00000   0.00000   2.00000
    13     1     2     6   3.19666   0.15114   0.48313   1.00000   0.00000   0.00000   4.00000
    14     1     2     7   0.43329   3.48276   1.50905   7.00000   8.00000   0.00000  11.00000
    15     1     2     8   0.22193   7.30976   1.62223   4.00000   7.00000   2.00000  15.00000
    16     1     2     9   0.41900   6.39909   2.68120   3.00000  10.00000   0.00000  16.00000
    17     1     3     1   0.33366   5.68468   1.89673   6.00000   5.00000   0.00000  15.00000
    18     1     3     2   1.00889   0.88182   0.88966   1.00000   0.00000   0.00000   5.00000
    19     1     3     3   6.16927   0.02564   0.15819   0.00000   0.00000   0.00000   2.00000
    20     1     3     5 112.36158   0.00008   0.00890   0.00000   0.00000   0.00000   1.00000
    21     1     3     6   4.51774   0.05205   0.23517   0.00000   0.00000   0.00000   3.00000
    22     1     3     7   0.29560   3.54664   1.04841   0.00000   2.00000   0.00000   8.00000
    23     1     3     8   0.26514   5.10572   1.35374   5.00000   3.00000   0.00000  12.00000
    24     1     3     9   0.28459   7.21082   2.05214   8.00000   8.00000   0.00000  16.00000
    25     1     4     1   1.89468   0.46040   0.87232   1.00000   0.00000   0.00000   7.00000
    26     1     4     2   3.86286   0.06308   0.24368   0.00000   0.00000   0.00000   2.00000
    27     1     4     3  74.90401   0.00018   0.01335   0.00000   0.00000   0.00000   1.00000
    28     1     4     5  50.88197   0.00039   0.01965   0.00000   0.00000   0.00000   1.00000
    29     1     4     6   5.91090   0.02882   0.17035   1.00000   1.00000   0.00000   3.00000
    30     1     4     7   0.39821   2.65956   1.05905   2.00000   3.00000   0.00000   8.00000
    31     1     4     8   0.40432   4.07175   1.64629   3.00000   5.00000   0.00000  11.00000
    32     1     4     9   0.63495   3.98662   2.53130   0.00000   2.00000   0.00000  15.00000
    33     1     5     1   0.78170   1.40285   1.09661   0.00000   2.00000   0.00000   7.00000
    34     1     5     2  35.97203   0.00077   0.02778   0.00000   0.00000   0.00000   1.00000
    35     1     5     5  54.49636   0.00034   0.01834   0.00000   0.00000   0.00000   1.00000
    36     1     5     6   0.55206   1.99554   1.10166   2.00000   2.00000   0.00000   6.00000
    37     1     5     7   0.34989   3.80359   1.33086   4.00000   7.00000   0.00000  11.00000
    38     1     5     8   0.44153   6.03903   2.66644   3.00000   5.00000   0.00000  15.00000
    39     1     5     9   0.55911   3.93480   2.19997   3.00000   3.00000   0.00000  15.00000
    40     1     6     1   0.43136   4.74700   2.04767   5.00000   3.00000   0.00000  14.00000
    41     1     6     2   1.54153   0.45096   0.69517   1.00000   0.00000   0.00000   5.00000
    42     1     6     3  88.14150   0.00013   0.01134   0.00000   0.00000   0.00000   1.00000
    43     1     6     5  34.58531   0.00089   0.03082   0.00000   0.00000   0.00000   2.00000
    44     1     6     6   1.66669   0.74854   1.24758   3.00000   0.00000   0.00000   9.00000
    45     1     6     7   0.37667   5.16152   1.94419   7.00000   8.00000   0.00000  15.00000
    46     1     6     8   0.18009   9.65361   1.73851   9.00000   9.00000   2.00000  17.00000
    47     1     6     9   0.27069   8.67924   2.34939  11.00000   7.00000   1.00000  17.00000
    48     2     1     1   0.35654   5.85538   2.08768   5.00000   5.00000   0.00000  15.00000
    49     2     1     2   3.03390   0.13487   0.40918   0.00000   0.00000   0.00000   4.00000
    50     2     1     6   3.02952   0.11014   0.33367   0.00000   1.00000   0.00000   4.00000
    51     2     1     7   0.54749   2.71039   1.48392   1.00000   5.00000   0.00000   9.00000
    52     2     1     8   0.26877   7.43593   1.99855   5.00000   6.00000   1.00000  15.00000
    53     2     1     9   0.77608   2.85095   2.21257   0.00000   3.00000   0.00000  13.00000
    54     2     2     1   0.28151   5.92710   1.66853   7.00000   5.00000   0.00000  13.00000
    55     2     2     2   3.34983   0.08584   0.28756   0.00000   0.00000   0.00000   2.00000
    56     2     2     5   6.62517   0.02228   0.14758   0.00000   0.00000   0.00000   1.00000
    57     2     2     6   4.64395   0.04453   0.20680   0.00000   0.00000   0.00000   2.00000
    58     2     2     7   0.34836   1.04148   0.36281   0.00000   1.00000   0.00000   4.00000
    59     2     2     8   0.24937   5.91262   1.47443   6.00000   4.00000   0.00000  12.00000
    60     2     2     9   2.10648   0.24873   0.52395   0.00000   0.00000   0.00000   5.00000
    61     2     3     1   0.38274   2.74233   1.04959   4.00000   3.00000   0.00000   7.00000
    62     2     3     2 224.72983   0.00002   0.00445   0.00000   0.00000   0.00000   1.00000
    63     2     3     5  13.03503   0.00585   0.07627   0.00000   0.00000   0.00000   1.00000
    64     2     3     6  14.62576   0.00465   0.06805   1.00000   0.00000   0.00000   1.00000
    65     2     3     7   2.17277   0.19293   0.41920   0.00000   0.00000   0.00000   3.00000
    66     2     3     8   0.74615   1.38003   1.02971   0.00000   3.00000   0.00000   7.00000
    67     2     3     9   1.33037   0.48968   0.65145   0.00000   0.00000   0.00000   5.00000
    68     2     4     1   0.89884   1.39254   1.25167   0.00000   0.00000   0.00000   8.00000
    69     2     4     3  84.93485   0.00014   0.01177   0.00000   0.00000   0.00000   1.00000
    70     2     4     4 317.81757   0.00001   0.00315   0.00000   0.00000   0.00000   1.00000
    71     2     4     5   2.72267   0.12139   0.33049   1.00000   0.00000   0.00000   2.00000
    72     2     4     6  21.07068   0.00225   0.04735   0.00000   0.00000   0.00000   1.00000
    73     2     4     7   3.78938   0.06604   0.25026   0.00000   0.00000   0.00000   2.00000
    74     2     4     8   0.72212   1.27465   0.92046   0.00000   2.00000   0.00000   5.00000
    75     2     4     9  11.02599   0.00824   0.09082   0.00000   0.00000   0.00000   2.00000
    76     2     5     1   0.72916   1.28353   0.93590   0.00000   1.00000   0.00000   9.00000
    77     2     5     2   7.09222   0.01949   0.13825   0.00000   0.00000   0.00000   1.00000
    78     2     5     5   0.74059   0.65118   0.48226   1.00000   0.00000   0.00000   3.00000
    79     2     5     6   0.41483   1.35437   0.56183   3.00000   2.00000   0.00000   4.00000
    80     2     5     7   0.90978   0.92701   0.84337   0.00000   2.00000   0.00000   4.00000
    81     2     5     8   1.63414   0.41844   0.68379   0.00000   0.00000   0.00000   6.00000
    82     2     5     9   3.66393   0.10089   0.36966   0.00000   0.00000   0.00000   5.00000
    83     2     6     1   0.48693   3.08845   1.50385   5.00000   1.00000   0.00000   9.00000
    84     2     6     2   4.50376   0.05448   0.24537   0.00000   0.00000   0.00000   3.00000
    85     2     6     6  13.45053   0.00561   0.07550   0.00000   0.00000   0.00000   2.00000
    86     2     6     7   2.90961   0.13870   0.40357   0.00000   0.00000   0.00000   4.00000
    87     2     6     8   0.71516   2.29336   1.64012   0.00000   0.00000   0.00000  10.00000
    88     2     6     9   1.00367   1.73401   1.74037   1.00000   2.00000   0.00000  12.00000
    89     3     1     1   1.88253   0.30079   0.56625   0.00000   0.00000   0.00000   5.00000
    90     3     1     2  12.05537   0.00697   0.08402   0.00000   0.00000   0.00000   2.00000
    91     3     1     3 317.81757   0.00001   0.00315   0.00000   0.00000   0.00000   1.00000
    92     3     1     7   4.63155   0.04570   0.21166   1.00000   0.00000   0.00000   3.00000
    93     3     1     8   0.45042   4.56342   2.05546   4.00000   7.00000   0.00000  13.00000
    94     3     1     9   0.66207   2.66219   1.76255   3.00000   3.00000   0.00000   9.00000
    95     3     2     1   0.83243   1.03325   0.86011   0.00000   2.00000   0.00000   5.00000
    96     3     2     2   3.15522   0.09128   0.28801   0.00000   0.00000   0.00000   1.00000
    97     3     2     3 129.74527   0.00006   0.00771   0.00000   0.00000   0.00000   1.00000
    98     3     2     5   3.23944   0.08700   0.28184   0.00000   0.00000   0.00000   1.00000
    99     3     2     6   0.94747   0.65160   0.61737   1.00000   1.00000   0.00000   2.00000
   100     3     2     7   0.47473   0.93956   0.44604   0.00000   1.00000   0.00000   3.00000
   101     3     2     8   0.71193   1.63351   1.16295   0.00000   1.00000   0.00000   7.00000
   102     3     2     9   1.90541   0.23867   0.45477   0.00000   1.00000   0.00000   3.00000
   103     3     3     1   0.66356   2.02695   1.34500   0.00000   0.00000   0.00000   9.00000
   104     3     3     2 158.90642   0.00004   0.00629   0.00000   0.00000   0.00000   1.00000
   105     3     3     5   5.84763   0.02841   0.16615   0.00000   0.00000   0.00000   1.00000
   106     3     3     6   0.68267   0.92772   0.63333   0.00000   1.00000   0.00000   3.00000
   107     3     3     7   1.70958   0.30083   0.51430   0.00000   0.00000   0.00000   3.00000
   108     3     3     8   0.47965   1.52450   0.73123   0.00000   1.00000   0.00000   5.00000
   109     3     3     9   1.06847   0.72531   0.77497   0.00000   1.00000   0.00000   5.00000
   110     3     4     1   0.29109   6.35278   1.84923   2.00000   5.00000   0.00000  13.00000
   111     3     4     2   3.65375   0.06973   0.25476   0.00000   0.00000   0.00000   2.00000
   112     3     4     3   9.17039   0.01175   0.10777   0.00000   0.00000   0.00000   1.00000
   113     3     4     4 224.72981   0.00002   0.00445   0.00000   0.00000   0.00000   1.00000
   114     3     4     5  24.95020   0.00160   0.04002   0.00000   0.00000   0.00000   1.00000
   115     3     4     7   0.46411   2.22072   1.03066   2.00000   4.00000   0.00000   6.00000
   116     3     4     8   1.13435   0.74068   0.84018   0.00000   0.00000   0.00000   5.00000
   117     3     4     9   2.57471   0.17763   0.45734   0.00000   0.00000   0.00000   3.00000
   118     3     5     1   0.56429   2.79600   1.57775   8.00000   2.00000   0.00000  11.00000
   119     3     5     2   4.00371   0.06011   0.24068   0.00000   0.00000   0.00000   2.00000
   120     3     5     3   9.65068   0.01066   0.10290   0.00000   0.00000   0.00000   2.00000
   121     3     5     4  49.03036   0.00042   0.02039   0.00000   0.00000   0.00000   1.00000
   122     3     5     7   1.23172   0.59796   0.73652   0.00000   1.00000   0.00000   3.00000
   123     3     5     8   7.84909   0.01643   0.12899   0.00000   1.00000   0.00000   2.00000
   124     3     5     9   4.67912   0.04368   0.20438   0.00000   0.00000   0.00000   1.00000
   125     3     6     1   0.40719   4.57537   1.86306   6.00000   7.00000   0.00000  13.00000
   126     3     6     2   0.40130   3.83369   1.53844   3.00000   3.00000   0.00000   9.00000
   127     3     6     3   1.64669   0.37153   0.61180   0.00000   1.00000   0.00000   5.00000
   128     3     6     4 317.81757   0.00001   0.00315   0.00000   0.00000   0.00000   1.00000
   129     3     6     6 317.81757   0.00001   0.00315   0.00000   0.00000   0.00000   1.00000
   130     3     6     7   0.72076   1.04390   0.75240   1.00000   1.00000   0.00000   4.00000
   131     3     6     8   1.06603   0.89712   0.95636   0.00000   1.00000   0.00000   7.00000
   132     3     6     9   0.48285   1.00070   0.48319   1.00000   0.00000   0.00000   6.00000
   133     4     1     1   0.61035   2.81187   1.71623   3.00000   2.00000   0.00000  12.00000
   134     4     1     2   1.33523   0.66946   0.89388   0.00000   0.00000   0.00000   6.00000
   135     4     1     3  18.73360   0.00284   0.05323   0.00000   0.00000   0.00000   1.00000
   136     4     1     4  74.90401   0.00018   0.01335   0.00000   0.00000   0.00000   1.00000
   137     4     1     5 105.93500   0.00009   0.00944   0.00000   0.00000   0.00000   1.00000
   138     4     1     6   9.37950   0.01184   0.11106   0.00000   0.00000   0.00000   2.00000
   139     4     1     7   3.57685   0.09993   0.35744   0.00000   0.00000   0.00000   5.00000
   140     4     1     8   0.74950   2.91821   2.18720   6.00000   2.00000   0.00000  14.00000
   141     4     1     9   0.48623   3.93424   1.91294   4.00000   1.00000   0.00000  13.00000
   142     4     2     1   0.85098   0.92105   0.78380   1.00000   0.00000   0.00000   6.00000
   143     4     2     2   5.39093   0.03996   0.21540   0.00000   0.00000   0.00000   3.00000
   144     4     2     3  47.36712   0.00045   0.02110   0.00000   0.00000   0.00000   1.00000
   145     4     2     6  10.33215   0.00947   0.09789   0.00000   0.00000   0.00000   2.00000
   146     4     2     7   0.40498   2.41085   0.97635   2.00000   2.00000   0.00000   7.00000
   147     4     2     8   0.70844   1.68822   1.19600   0.00000   2.00000   0.00000   7.00000
   148     4     2     9   0.74646   1.31989   0.98525   3.00000   2.00000   0.00000   8.00000
   149     4     3     1   0.56363   2.84411   1.60303   1.00000   4.00000   0.00000   9.00000
   150     4     3     2  11.31292   0.00785   0.08882   0.00000   0.00000   0.00000   2.00000
   151     4     3     3 317.81757   0.00001   0.00315   0.00000   0.00000   0.00000   1.00000
   152     4     3     5   4.69795   0.04366   0.20511   0.00000   0.00000   0.00000   2.00000
   153     4     3     6   0.23789   1.06902   0.25431   1.00000   1.00000   1.00000   3.00000
   154     4     3     7   0.45641   1.43053   0.65291   2.00000   2.00000   0.00000   4.00000
   155     4     3     8   0.94242   0.66943   0.63088   1.00000   1.00000   0.00000   3.00000
   156     4     3     9   0.39046   2.76901   1.08120   1.00000   3.00000   0.00000   7.00000
   157     4     4     1   0.21586   7.48418   1.61550   5.00000  10.00000   1.00000  14.00000
   158     4     4     2   1.37613   0.39877   0.54876   0.00000   0.00000   0.00000   3.00000
   159     4     4     3   6.77288   0.02133   0.14450   0.00000   0.00000   0.00000   1.00000
   160     4     4     4  67.75189   0.00022   0.01476   0.00000   0.00000   0.00000   1.00000
   161     4     4     5  16.44685   0.00372   0.06122   0.00000   0.00000   0.00000   2.00000
   162     4     4     6   0.45696   1.37638   0.62895   1.00000   2.00000   0.00000   6.00000
   163     4     4     7   1.00403   0.73530   0.73827   1.00000   1.00000   0.00000   4.00000
   164     4     4     8  45.86234   0.00048   0.02179   0.00000   0.00000   0.00000   1.00000
   165     4     4     9   0.84859   0.73369   0.62260   0.00000   0.00000   0.00000   4.00000
   166     4     5     1   0.33818   6.31390   2.13523   9.00000   7.00000   0.00000  14.00000
   167     4     5     2   0.98073   0.61852   0.60660   1.00000   0.00000   0.00000   4.00000
   168     4     5     3   3.66665   0.06925   0.25392   0.00000   0.00000   0.00000   2.00000
   169     4     5     4   0.22910   1.06334   0.24362   1.00000   2.00000   0.00000   2.00000
   170     4     5     5  14.13553   0.00498   0.07039   0.00000   0.00000   0.00000   1.00000
   171     4     5     6   0.79314   0.81971   0.65015   1.00000   2.00000   0.00000   4.00000
   172     4     5     7   1.51233   0.35743   0.54056   1.00000   0.00000   0.00000   3.00000
   173     4     5     8   0.74518   0.93786   0.69887   1.00000   2.00000   0.00000   4.00000
   174     4     5     9 105.93500   0.00009   0.00944   0.00000   0.00000   0.00000   1.00000
   175     4     6     1   0.25083   8.30626   2.08348  11.00000   6.00000   1.00000  16.00000
   176     4     6     2   0.96837   1.15568   1.11913   3.00000   1.00000   0.00000   9.00000
   177     4     6     3   2.79112   0.17494   0.48829   0.00000   0.00000   0.00000   5.00000
   178     4     6     6   8.75159   0.01395   0.12208   0.00000   0.00000   0.00000   2.00000
   179     4     6     7   0.85933   1.96352   1.68731   0.00000   3.00000   0.00000  11.00000
   180     4     6     8   0.35652   2.79126   0.99513   4.00000   2.00000   0.00000   8.00000
   181     4     6     9   5.73882   0.03505   0.20112   0.00000   1.00000   0.00000   3.00000
   182     5     1     1   0.30706   6.41829   1.97077   7.00000   5.00000   1.00000  16.00000
   183     5     1     2   1.44686   0.53536   0.77459   2.00000   0.00000   0.00000   7.00000
   184     5     1     3  74.90401   0.00018   0.01335   0.00000   0.00000   0.00000   1.00000
   185     5     1     4  74.90401   0.00018   0.01335   0.00000   0.00000   0.00000   1.00000
   186     5     1     5  17.44027   0.00328   0.05715   0.00000   0.00000   0.00000   1.00000
   187     5     1     6   1.87611   0.33842   0.63490   1.00000   1.00000   0.00000   5.00000
   188     5     1     7   0.49878   2.47590   1.23492   2.00000   0.00000   0.00000   8.00000
   189     5     1     8   0.17129   9.44372   1.61762   7.00000  11.00000   2.00000  17.00000
   190     5     1     9   0.28093   8.74498   2.45670  10.00000  10.00000   0.00000  17.00000
   191     5     2     1   0.45684   2.79453   1.27664   2.00000   3.00000   0.00000  10.00000
   192     5     2     2  24.87159   0.00163   0.04063   0.00000   0.00000   0.00000   2.00000
   193     5     2     4   6.27466   0.02477   0.15542   0.00000   0.00000   0.00000   1.00000
   194     5     2     5  29.11727   0.00118   0.03430   0.00000   0.00000   0.00000   1.00000
   195     5     2     6   0.88955   0.89825   0.79904   0.00000   1.00000   0.00000   4.00000
   196     5     2     7   0.52338   2.38353   1.24750   2.00000   6.00000   0.00000   8.00000
   197     5     2     8   0.55226   2.32347   1.28316   0.00000   2.00000   0.00000   9.00000
   198     5     2     9   0.42984   5.86840   2.52249   8.00000   4.00000   0.00000  15.00000
   199     5     3     1   1.21966   0.58284   0.71087   0.00000   0.00000   0.00000   5.00000
   200     5     3     2  72.90585   0.00019   0.01371   0.00000   0.00000   0.00000   1.00000
   201     5     3     3   0.02885   0.99917   0.02883   1.00000   1.00000   0.00000   1.00000
   202     5     3     4   0.19105   0.96522   0.18440   0.00000   1.00000   0.00000   2.00000
   203     5     3     5   4.17118   0.05719   0.23856   0.00000   0.00000   0.00000   2.00000
   204     5     3     6   0.34191   4.51784   1.54472   3.00000   4.00000   0.00000  10.00000
   205     5     3     7   0.67969   1.35323   0.91978   0.00000   1.00000   0.00000   5.00000
   206     5     3     8   0.82989   0.65223   0.54128   0.00000   1.00000   0.00000   5.00000
   207     5     3     9   1.50602   0.60205   0.90669   0.00000   0.00000   0.00000   7.00000
   208     5     4     1   0.64297   1.52270   0.97905   1.00000   5.00000   0.00000   6.00000
   209     5     4     2 317.81757   0.00001   0.00315   0.00000   0.00000   0.00000   1.00000
   210     5     4     3  33.86487   0.00087   0.02950   0.00000   0.00000   0.00000   1.00000
   211     5     4     5   0.88186   0.59527   0.52495   0.00000   1.00000   0.00000   3.00000
   212     5     4     6   0.25146   6.28812   1.58119   5.00000  10.00000   1.00000  12.00000
   213     5     4     7   0.32796   2.65128   0.86952   1.00000   3.00000   0.00000   7.00000
   214     5     4     8   4.63531   0.04668   0.21637   0.00000   0.00000   0.00000   2.00000
   215     5     4     9   1.23676   0.60848   0.75254   2.00000   2.00000   0.00000   5.00000
   216     5     5     1   1.38231   1.00644   1.39120   1.00000   0.00000   0.00000   9.00000
   217     5     5     2   2.53957   0.16350   0.41522   0.00000   0.00000   0.00000   4.00000
   218     5     5     3 120.12019   0.00007   0.00832   0.00000   0.00000   0.00000   1.00000
   219     5     5     5   2.47728   0.14016   0.34721   0.00000   0.00000   0.00000   2.00000
   220     5     5     6   0.66133   1.33376   0.88205   0.00000   0.00000   0.00000   6.00000
   221     5     5     7   0.49326   1.92745   0.95073   1.00000   1.00000   0.00000   6.00000
   222     5     5     8   1.78090   0.31193   0.55552   1.00000   1.00000   0.00000   4.00000
   223     5     5     9   1.98161   0.37088   0.73494   0.00000   0.00000   0.00000   5.00000
   224     5     6     1   0.31116   6.35530   1.97751   6.00000   6.00000   0.00000  14.00000
   225     5     6     2   0.90556   0.90951   0.82362   0.00000   1.00000   0.00000   6.00000
   226     5     6     3  47.90260   0.00044   0.02087   0.00000   0.00000   0.00000   1.00000
   227     5     6     6   2.08599   0.19541   0.40762   0.00000   0.00000   0.00000   2.00000
   228     5     6     7   0.42080   3.96948   1.67035   3.00000   4.00000   0.00000  11.00000
   229     5     6     8   0.44470   3.84638   1.71048   4.00000   8.00000   0.00000  11.00000
   230     5     6     9   0.56934   3.46013   1.97000   6.00000   6.00000   0.00000  13.00000
   231     6     1     1   0.67114   2.40766   1.61588   3.00000   3.00000   0.00000  11.00000
   232     6     1     2   1.98812   0.20211   0.40182   0.00000   0.00000   0.00000   2.00000
   233     6     1     3   4.67635   0.04373   0.20449   0.00000   0.00000   0.00000   1.00000
   234     6     1     4  12.58254   0.00628   0.07898   0.00000   0.00000   0.00000   1.00000
   235     6     1     5   6.78044   0.02467   0.16728   1.00000   0.00000   0.00000   2.00000
   236     6     1     6   1.32001   0.42629   0.56271   1.00000   0.00000   0.00000   3.00000
   237     6     1     7   0.70096   1.75917   1.23311   1.00000   2.00000   0.00000   8.00000
   238     6     1     8   0.23622   8.59197   2.02963   7.00000   9.00000   1.00000  17.00000
   239     6     1     9   0.15419  10.61014   1.63595  10.00000  10.00000   3.00000  18.00000
   240     6     2     1   0.42064   2.29423   0.96505   2.00000   2.00000   0.00000   8.00000
   241     6     2     2   5.49498   0.03262   0.17925   0.00000   0.00000   0.00000   2.00000
   242     6     2     3   0.76893   0.96426   0.74145   0.00000   0.00000   0.00000   5.00000
   243     6     2     4   0.72925   0.74929   0.54642   2.00000   1.00000   0.00000   3.00000
   244     6     2     5   2.85229   0.11542   0.32920   0.00000   0.00000   0.00000   3.00000
   245     6     2     6   0.70402   0.94612   0.66609   0.00000   1.00000   0.00000   3.00000
   246     6     2     7   0.24399   6.10290   1.48903   6.00000   9.00000   1.00000  13.00000
   247     6     2     8   0.31278   7.32535   2.29123   9.00000   7.00000   0.00000  16.00000
   248     6     2     9   0.16848  10.12557   1.70592   7.00000   9.00000   4.00000  18.00000
   249     6     3     1   0.53060   0.82789   0.43927   1.00000   2.00000   0.00000   3.00000
   250     6     3     2   2.09607   0.22495   0.47151   0.00000   1.00000   0.00000   3.00000
   251     6     3     3   0.47185   2.11959   1.00013   3.00000   3.00000   0.00000   6.00000
   252     6     3     4   0.44634   2.41459   1.07774   1.00000   3.00000   0.00000   6.00000
   253     6     3     5   2.41503   0.14752   0.35627   0.00000   0.00000   0.00000   2.00000
   254     6     3     6   7.08630   0.02363   0.16746   0.00000   0.00000   0.00000   4.00000
   255     6     3     7   0.85199   1.13907   0.97047   0.00000   1.00000   0.00000   7.00000
   256     6     3     8   0.45510   3.64441   1.65857   1.00000   5.00000   0.00000  11.00000
   257     6     3     9   0.41011   5.75846   2.36161   9.00000   5.00000   0.00000  14.00000
   258     6     4     1   2.29698   0.17000   0.39050   0.00000   0.00000   0.00000   3.00000
   259     6     4     3 317.81757   0.00001   0.00315   0.00000   0.00000   0.00000   1.00000
   260     6     4     4   4.73696   0.04311   0.20423   0.00000   0.00000   0.00000   2.00000
   261     6     4     5   6.20383   0.02532   0.15711   0.00000   0.00000   0.00000   1.00000
   262     6     4     6   1.87391   0.32668   0.61218   0.00000   1.00000   0.00000   5.00000
   263     6     4     7   0.68572   1.13293   0.77687   1.00000   1.00000   0.00000   6.00000
   264     6     4     8   1.00801   0.61764   0.62259   0.00000   1.00000   0.00000   5.00000
   265     6     4     9   0.36030   4.64050   1.67195   7.00000   3.00000   0.00000  14.00000
   266     6     5     1   0.83276   2.42895   2.02274   1.00000   2.00000   0.00000  12.00000
   267     6     5     2   2.48888   0.16787   0.41780   0.00000   1.00000   0.00000   5.00000
   268     6     5     4 317.81757   0.00001   0.00315   0.00000   0.00000   0.00000   1.00000
   269     6     5     5   0.08745   1.00151   0.08758   1.00000   1.00000   0.00000   2.00000
   270     6     5     6   1.82991   0.32151   0.58833   0.00000   0.00000   0.00000   4.00000
   271     6     5     7   0.49595   3.65307   1.81175   3.00000   5.00000   0.00000  13.00000
   272     6     5     8   0.51635   1.85557   0.95813   3.00000   3.00000   0.00000   8.00000
   273     6     5     9   0.49337   5.04742   2.49027   6.00000   4.00000   0.00000  14.00000
   274     6     6     1   0.31354   6.38681   2.00251   8.00000   6.00000   0.00000  17.00000
   275     6     6     2   1.10373   1.36427   1.50579   1.00000   0.00000   0.00000  10.00000
   276     6     6     3  19.44193   0.00341   0.06621   0.00000   0.00000   0.00000   3.00000
   277     6     6     5 317.81757   0.00001   0.00315   0.00000   0.00000   0.00000   1.00000
   278     6     6     6   0.66701   1.84935   1.23353   1.00000   4.00000   0.00000  10.00000
   279     6     6     7   0.32130   6.93298   2.22760   5.00000   7.00000   1.00000  15.00000
   280     6     6     8   0.35178   7.39324   2.60081   2.00000  10.00000   0.00000  17.00000
   281     6     6     9   0.19435   9.09595   1.76779  14.00000  11.00000   3.00000  17.00000
   282     7     1     1   0.36702   5.16883   1.89705  11.00000   6.00000   0.00000  12.00000
   283     7     1     2   1.08628   0.57120   0.62048   0.00000   1.00000   0.00000   3.00000
   284     7     1     3   3.11704   0.09352   0.29149   0.00000   0.00000   0.00000   2.00000
   285     7     1     4  15.74137   0.00402   0.06327   0.00000   0.00000   0.00000   1.00000
   286     7     1     5  19.13911   0.00272   0.05211   0.00000   0.00000   0.00000   1.00000
   287     7     1     6   1.98860   0.24690   0.49098   0.00000   0.00000   0.00000   3.00000
   288     7     1     7   0.40031   2.94117   1.17739   5.00000   2.00000   0.00000   9.00000
   289     7     1     8   0.19942   8.96744   1.78830  12.00000   7.00000   2.00000  17.00000
   290     7     1     9   0.15485  10.58271   1.63874  12.00000  12.00000   4.00000  18.00000
   291     7     2     1   0.27945   4.84030   1.35262   4.00000   6.00000   0.00000  10.00000
   292     7     2     2   0.48200   0.89206   0.42997   1.00000   1.00000   0.00000   4.00000
   293     7     2     3   2.22531   0.20779   0.46241   0.00000   0.00000   0.00000   4.00000
   294     7     2     4  13.09055   0.00584   0.07646   0.00000   0.00000   0.00000   2.00000
   295     7     2     6   1.10854   0.62246   0.69002   0.00000   0.00000   0.00000   5.00000
   296     7     2     7   0.39986   2.67576   1.06994   2.00000   3.00000   0.00000   8.00000
   297     7     2     8   0.15331  10.34039   1.58528  10.00000  11.00000   4.00000  17.00000
   298     7     2     9   0.15496  10.59144   1.64124  11.00000  12.00000   4.00000  18.00000
   299     7     3     1   1.00022   0.88711   0.88731   0.00000   1.00000   0.00000   5.00000
   300     7     3     2   0.88594   0.70600   0.62547   1.00000   1.00000   0.00000   3.00000
   301     7     3     3   1.22765   0.68559   0.84167   2.00000   1.00000   0.00000   5.00000
   302     7     3     4   7.20147   0.02271   0.16355   0.00000   0.00000   0.00000   2.00000
   303     7     3     5  24.72197   0.00163   0.04038   0.00000   0.00000   0.00000   1.00000
   304     7     3     6 158.90642   0.00004   0.00629   0.00000   0.00000   0.00000   1.00000
   305     7     3     7   1.88415   0.33365   0.62865   0.00000   1.00000   0.00000   6.00000
   306     7     3     8   0.24779   6.97362   1.72801   7.00000   7.00000   0.00000  14.00000
   307     7     3     9   0.15163  10.65563   1.61576  11.00000  10.00000   4.00000  17.00000
   308     7     4     1   1.16277   0.71611   0.83268   0.00000   0.00000   0.00000   5.00000
   309     7     4     5  34.66249   0.00083   0.02883   0.00000   0.00000   0.00000   1.00000
   310     7     4     6  18.44577   0.00293   0.05405   0.00000   0.00000   0.00000   1.00000
   311     7     4     7   1.56707   0.33068   0.51820   0.00000   0.00000   0.00000   3.00000
   312     7     4     8   0.26742   4.92826   1.31790   5.00000   4.00000   0.00000  11.00000
   313     7     4     9   0.15361  10.51502   1.61519  11.00000  13.00000   4.00000  17.00000
   314     7     5     1   0.39404   4.30189   1.69514   4.00000   2.00000   0.00000  14.00000
   315     7     5     2   3.96240   0.09231   0.36576   0.00000   0.00000   0.00000   5.00000
   316     7     5     5  28.29591   0.00125   0.03530   0.00000   0.00000   0.00000   1.00000
   317     7     5     6   0.40772   1.67811   0.68419   1.00000   1.00000   0.00000   4.00000
   318     7     5     7   0.50205   2.44876   1.22940   1.00000   3.00000   0.00000   8.00000
   319     7     5     8   0.44079   2.73654   1.20624   3.00000   3.00000   0.00000  10.00000
   320     7     5     9   0.30650   7.38776   2.26434   9.00000   2.00000   0.00000  16.00000
   321     7     6     1   0.28096   7.07433   1.98760   3.00000   6.00000   1.00000  16.00000
   322     7     6     2   0.82703   1.77435   1.46744   1.00000   1.00000   0.00000  10.00000
   323     7     6     3  11.94381   0.00706   0.08431   0.00000   0.00000   0.00000   2.00000
   324     7     6     6   1.60085   0.39238   0.62814   0.00000   0.00000   0.00000   5.00000
   325     7     6     7   0.48129   4.28597   2.06279   1.00000   3.00000   0.00000  13.00000
   326     7     6     8   0.48454   7.81341   3.78594   2.00000   9.00000   0.00000  17.00000
   327     7     6     9   0.22887   8.93496   2.04495   9.00000  12.00000   1.00000  17.00000
   328     8     1     1   0.40671   4.29635   1.74735   4.00000   5.00000   0.00000  11.00000
   329     8     1     2   0.57263   1.47953   0.84722   1.00000   3.00000   0.00000   5.00000
   330     8     1     3   2.13765   0.17955   0.38381   0.00000   0.00000   0.00000   1.00000
   331     8     1     4  21.50218   0.00216   0.04641   0.00000   0.00000   0.00000   1.00000
   332     8     1     5  33.86487   0.00087   0.02950   0.00000   0.00000   0.00000   1.00000
   333     8     1     6   0.98436   1.09522   1.07809   0.00000   2.00000   0.00000   6.00000
   334     8     1     7   0.24802   8.26047   2.04873   8.00000  11.00000   1.00000  16.00000
   335     8     1     8   0.15497  10.58733   1.64067  11.00000  11.00000   3.00000  19.00000
   336     8     1     9   0.15555  10.56843   1.64388   9.00000  10.00000   4.00000  18.00000
   337     8     2     1   0.53660   2.37944   1.27681   1.00000   1.00000   0.00000   9.00000
   338     8     2     2   2.39065   0.15056   0.35994   0.00000   0.00000   0.00000   2.00000
   339     8     2     3   2.99640   0.12469   0.37363   0.00000   0.00000   0.00000   2.00000
   340     8     2     4  19.99329   0.00253   0.05067   0.00000   0.00000   0.00000   2.00000
   341     8     2     5  12.13752   0.00678   0.08231   0.00000   0.00000   0.00000   2.00000
   342     8     2     6   2.18253   0.17694   0.38619   0.00000   1.00000   0.00000   3.00000
   343     8     2     7   0.21184   7.03044   1.48932   7.00000   5.00000   1.00000  13.00000
   344     8     2     8   0.15337  10.65162   1.63359  11.00000  13.00000   3.00000  18.00000
   345     8     2     9   0.15439  10.57430   1.63260  11.00000  10.00000   4.00000  18.00000
   346     8     3     1   0.31015   3.75979   1.16609   3.00000   4.00000   0.00000   9.00000
   347     8     3     2   2.73619   0.17472   0.47806   0.00000   1.00000   0.00000   4.00000
   348     8     3     3   4.23340   0.05865   0.24828   0.00000   1.00000   0.00000   2.00000
   349     8     3     4   3.91079   0.06519   0.25495   0.00000   0.00000   0.00000   2.00000
   350     8     3     5   1.83429   0.23836   0.43723   0.00000   1.00000   0.00000   2.00000
   351     8     3     6 158.90642   0.00004   0.00629   0.00000   0.00000   0.00000   1.00000
   352     8     3     7   0.40520   3.54662   1.43709   3.00000   1.00000   0.00000  10.00000
   353     8     3     8   0.21276   8.79713   1.87170   8.00000   7.00000   2.00000  17.00000
   354     8     3     9   0.15483  10.58026   1.63811   9.00000  11.00000   4.00000  18.00000
   355     8     4     1   1.52026   0.46261   0.70329   1.00000   0.00000   0.00000   5.00000
   356     8     4     2   7.40726   0.01794   0.13288   0.00000   1.00000   0.00000   2.00000
   357     8     4     3 112.36158   0.00008   0.00890   0.00000   0.00000   0.00000   1.00000
   358     8     4     4 224.72981   0.00002   0.00445   0.00000   0.00000   0.00000   1.00000
   359     8     4     5  51.54737   0.00038   0.01939   0.00000   0.00000   0.00000   1.00000
   360     8     4     6   3.77700   0.07287   0.27525   1.00000   0.00000   0.00000   3.00000
   361     8     4     7   0.84069   1.03929   0.87372   0.00000   2.00000   0.00000   6.00000
   362     8     4     8   0.45814   3.87037   1.77317   3.00000   1.00000   0.00000  12.00000
   363     8     4     9   0.17309  10.06002   1.74133  12.00000   8.00000   3.00000  17.00000
   364     8     5     1   2.90426   0.13705   0.39802   0.00000   0.00000   0.00000   5.00000
   365     8     5     2   9.55512   0.01103   0.10538   0.00000   0.00000   0.00000   2.00000
   366     8     5     3  12.25978   0.00716   0.08775   0.00000   0.00000   0.00000   2.00000
   367     8     5     4  84.93485   0.00014   0.01177   0.00000   0.00000   0.00000   1.00000
   368     8     5     6   4.99705   0.03964   0.19808   0.00000   0.00000   0.00000   2.00000
   369     8     5     7   0.34171   2.87409   0.98211   4.00000   2.00000   0.00000   8.00000
   370     8     5     8   0.62767   2.88932   1.81354   6.00000   1.00000   0.00000  13.00000
   371     8     5     9   0.39719   6.34978   2.52207   9.00000   6.00000   0.00000  16.00000
   372     8     6     1   0.46196   3.94944   1.82447   5.00000   2.00000   0.00000  12.00000
   373     8     6     2   1.64479   0.51931   0.85416   0.00000   0.00000   0.00000   8.00000
   374     8     6     3   7.19530   0.01905   0.13705   0.00000   0.00000   0.00000   2.00000
   375     8     6     4 317.81757   0.00001   0.00315   0.00000   0.00000   0.00000   1.00000
   376     8     6     5 317.81757   0.00001   0.00315   0.00000   0.00000   0.00000   1.00000
   377     8     6     6   4.58063   0.05424   0.24847   0.00000   0.00000   0.00000   4.00000
   378     8     6     7   0.50523   3.13807   1.58546   3.00000   2.00000   0.00000  10.00000
   379     8     6     8   0.32465   6.53812   2.12262   6.00000   7.00000   0.00000  16.00000
   380     8     6     9   0.22826   8.95742   2.04459  12.00000  10.00000   1.00000  17.00000
   381     9     1     1   0.30084   7.90143   2.37710  11.00000  10.00000   0.00000  16.00000
   382     9     1     2   0.62633   2.54338   1.59300   6.00000   5.00000   0.00000  10.00000
   383     9     1     3   3.88465   0.07737   0.30055   0.00000   0.00000   0.00000   4.00000
   384     9     1     5   0.73103   0.71823   0.52505   1.00000   1.00000   0.00000   2.00000
   385     9     1     6   1.00816   0.79585   0.80234   2.00000   0.00000   0.00000   7.00000
   386     9     1     7   0.26707   7.88739   2.10650   8.00000   6.00000   0.00000  16.00000
   387     9     1     8   0.15499  10.58275   1.64025   9.00000  13.00000   4.00000  18.00000
   388     9     1     9   0.15487  10.56641   1.63638  10.00000  11.00000   4.00000  18.00000
   389     9     2     1   0.31835   4.63754   1.47638   6.00000  10.00000   0.00000  11.00000
   390     9     2     2   2.15455   0.20281   0.43697   0.00000   0.00000   0.00000   3.00000
   391     9     2     3  18.11693   0.00338   0.06116   0.00000   0.00000   0.00000   2.00000
   392     9     2     5 100.49826   0.00010   0.00995   0.00000   0.00000   0.00000   1.00000
   393     9     2     6   1.28080   0.56024   0.71755   2.00000   1.00000   0.00000   4.00000
   394     9     2     7   0.25808   8.32821   2.14932   6.00000  12.00000   0.00000  16.00000
   395     9     2     8   0.16029  10.48486   1.68062  10.00000  10.00000   2.00000  18.00000
   396     9     2     9   0.15433  10.56312   1.63021  11.00000  12.00000   3.00000  17.00000
   397     9     3     1   1.16952   0.75291   0.88055   0.00000   3.00000   0.00000   5.00000
   398     9     3     2   0.85840   0.61750   0.53006   0.00000   1.00000   0.00000   4.00000
   399     9     3     3  11.25587   0.00787   0.08859   0.00000   0.00000   0.00000   2.00000
   400     9     3     4   4.23056   0.05309   0.22462   0.00000   0.00000   0.00000   2.00000
   401     9     3     5  22.01016   0.00210   0.04620   0.00000   0.00000   0.00000   2.00000
   402     9     3     6  24.72197   0.00163   0.04038   0.00000   0.00000   0.00000   1.00000
   403     9     3     7   0.66678   2.15678   1.43810   2.00000   0.00000   0.00000  10.00000
   404     9     3     8   0.17358  10.13326   1.75892  10.00000  10.00000   3.00000  18.00000
   405     9     3     9   0.15384  10.59008   1.62914  10.00000  10.00000   4.00000  18.00000
   406     9     4     1   0.59663   2.07830   1.23998   2.00000   0.00000   0.00000   8.00000
   407     9     4     2   2.37756   0.20894   0.49677   0.00000   0.00000   0.00000   5.00000
   408     9     4     3   5.70009   0.02988   0.17031   0.00000   0.00000   0.00000   2.00000
   409     9     4     4   1.27649   0.38031   0.48546   0.00000   0.00000   0.00000   1.00000
   410     9     4     5  11.60548   0.00769   0.08927   0.00000   0.00000   0.00000   2.00000
   411     9     4     6   1.38576   0.35661   0.49418   0.00000   0.00000   0.00000   2.00000
   412     9     4     7   0.94514   0.88876   0.84000   1.00000   0.00000   0.00000   6.00000
   413     9     4     8   0.21788   8.24400   1.79624  10.00000   9.00000   0.00000  16.00000
   414     9     4     9   0.15492  10.55480   1.63518  13.00000  13.00000   4.00000  18.00000
   415     9     5     1   0.39111   4.81124   1.88170   9.00000   3.00000   0.00000  13.00000
   416     9     5     2   0.69680   1.67636   1.16808   0.00000   1.00000   0.00000   8.00000
   417     9     5     3   7.05599   0.02415   0.17038   0.00000   0.00000   0.00000   3.00000
   418     9     5     4  21.02432   0.00226   0.04746   0.00000   0.00000   0.00000   1.00000
   419     9     5     5   5.84074   0.03756   0.21938   0.00000   0.00000   0.00000   2.00000
   420     9     5     6   1.89612   0.23323   0.44223   0.00000   0.00000   0.00000   3.00000
   421     9     5     7   1.07504   0.97658   1.04986   1.00000   0.00000   0.00000   7.00000
   422     9     5     8   0.36275   6.36202   2.30784   5.00000   8.00000   0.00000  14.00000
   423     9     5     9   0.17667   9.86246   1.74242  11.00000  11.00000   2.00000  17.00000
   424     9     6     1   0.20862   8.85909   1.84818  11.00000   9.00000   1.00000  17.00000
   425     9     6     2   0.65314   3.53842   2.31108   2.00000   2.00000   0.00000  13.00000
   426     9     6     3   2.17848   0.34712   0.75619   0.00000   0.00000   0.00000   6.00000
   427     9     6     4  95.82085   0.00011   0.01044   0.00000   0.00000   0.00000   1.00000
   428     9     6     5   6.37329   0.02403   0.15313   0.00000   0.00000   0.00000   1.00000
   429     9     6     6   1.45753   0.42818   0.62409   0.00000   0.00000   0.00000   3.00000
   430     9     6     7   0.33758   5.24123   1.76931   4.00000   4.00000   0.00000  13.00000
   431     9     6     8   0.27641   7.49986   2.07306   7.00000   6.00000   0.00000  17.00000
   432     9     6     9   0.15649  10.46465   1.63758  11.00000  11.00000   3.00000  18.00000
