# output generated by hbond_network -f /oasis/scratch/comet/scychon/temp_project/CcO/gromacs_new/pm_popc/from_ppdoo_solvate/MDRun/pmp_from_ppdoo_eq.xtc
 -900.000000          28          48          77    0.280000    0.480000    0.770000          21          26          52    0.210000    0.260000    0.520000
 -800.000000          27          40          70    0.270000    0.400000    0.700000          20          26          50    0.200000    0.260000    0.500000
 -700.000000          23          49          78    0.230000    0.490000    0.780000          20          28          42    0.200000    0.280000    0.420000
 -600.000000          27          36          66    0.270000    0.360000    0.660000          13          24          48    0.130000    0.240000    0.480000
 -500.000000          17          37          68    0.170000    0.370000    0.680000          18          29          48    0.180000    0.290000    0.480000
 -400.000000          16          31          61    0.160000    0.310000    0.610000           8          25          45    0.080000    0.250000    0.450000
 -300.000000           9          16          53    0.090000    0.160000    0.530000           8          11          38    0.080000    0.110000    0.380000
 -200.000000          11          31          62    0.110000    0.310000    0.620000           6          22          44    0.060000    0.220000    0.440000
 -100.000000          13          27          56    0.130000    0.270000    0.560000           2          18          41    0.020000    0.180000    0.410000
    0.000000          18          29          52    0.180000    0.290000    0.520000           2          15          34    0.020000    0.150000    0.340000
    0.000000           1           1           1    0.010000    0.010000    0.010000           0           1           1    0.000000    0.010000    0.010000
# output generated by hbond_network -f /oasis/scratch/comet/scychon/temp_project/CcO/gromacs_new/pm_popc/from_ppdoo_solvate/MDRun/pmp_from_ppdoo_12ns.xtc
 1099.000000          23          36          63    0.230000    0.360000    0.630000           7          26          50    0.070000    0.260000    0.500000
 1199.000000          26          36          79    0.260000    0.360000    0.790000           9          25          51    0.090000    0.250000    0.510000
 1299.000000          37          52          71    0.370000    0.520000    0.710000          12          39          56    0.120000    0.390000    0.560000
 1399.000000          28          45          58    0.280000    0.450000    0.580000           9          23          29    0.090000    0.230000    0.290000
 1499.000000          28          40          67    0.280000    0.400000    0.670000          18          29          56    0.180000    0.290000    0.560000
 1599.000000          22          34          68    0.220000    0.340000    0.680000          17          23          52    0.170000    0.230000    0.520000
 1699.000000           9          22          42    0.090000    0.220000    0.420000           9          25          41    0.090000    0.250000    0.410000
 1799.000000          10          26          66    0.100000    0.260000    0.660000           8          15          50    0.080000    0.150000    0.500000
 1899.000000          12          32          73    0.120000    0.320000    0.730000           9          22          63    0.090000    0.220000    0.630000
 1999.000000          10          23          52    0.100000    0.230000    0.520000           5          14          40    0.050000    0.140000    0.400000
 2099.000000          17          45          63    0.170000    0.450000    0.630000           8          31          48    0.080000    0.310000    0.480000
 2199.000000          19          27          61    0.190000    0.270000    0.610000           4          16          42    0.040000    0.160000    0.420000
 2299.000000           6          22          41    0.060000    0.220000    0.410000          15          23          46    0.150000    0.230000    0.460000
 2399.000000          13          30          40    0.130000    0.300000    0.400000          13          18          26    0.130000    0.180000    0.260000
 2499.000000          24          48          72    0.240000    0.480000    0.720000          23          36          55    0.230000    0.360000    0.550000
 2599.000000          15          44          63    0.150000    0.440000    0.630000          12          26          47    0.120000    0.260000    0.470000
 2699.000000          12          42          67    0.120000    0.420000    0.670000           4          34          63    0.040000    0.340000    0.630000
 2799.000000          13          44          70    0.130000    0.440000    0.700000           2          33          61    0.020000    0.330000    0.610000
 2899.000000          15          38          49    0.150000    0.380000    0.490000          12          28          44    0.120000    0.280000    0.440000
 2999.000000          16          29          52    0.160000    0.290000    0.520000          16          31          61    0.160000    0.310000    0.610000
 3099.000000          28          45          59    0.280000    0.450000    0.590000          11          25          35    0.110000    0.250000    0.350000
 3199.000000           9          32          54    0.090000    0.320000    0.540000           7          31          53    0.070000    0.310000    0.530000
 3299.000000          30          43          57    0.300000    0.430000    0.570000          11          29          37    0.110000    0.290000    0.370000
 3399.000000          31          48          64    0.310000    0.480000    0.640000          20          32          41    0.200000    0.320000    0.410000
 3499.000000           8          15          22    0.080000    0.150000    0.220000           7          11          19    0.070000    0.110000    0.190000
 3599.000000           7          23          38    0.070000    0.230000    0.380000           6          15          29    0.060000    0.150000    0.290000
 3699.000000          14          24          36    0.140000    0.240000    0.360000           4          13          25    0.040000    0.130000    0.250000
 3799.000000          22          27          44    0.220000    0.270000    0.440000          14          23          36    0.140000    0.230000    0.360000
 3899.000000          26          36          46    0.260000    0.360000    0.460000          12          22          30    0.120000    0.220000    0.300000
 3999.000000          23          32          40    0.230000    0.320000    0.400000           9          21          26    0.090000    0.210000    0.260000
 4099.000000          26          39          69    0.260000    0.390000    0.690000           8          20          46    0.080000    0.200000    0.460000
 4199.000000          21          41          66    0.210000    0.410000    0.660000           9          22          37    0.090000    0.220000    0.370000
 4299.000000          20          33          53    0.200000    0.330000    0.530000          21          31          52    0.210000    0.310000    0.520000
 4399.000000          15          30          66    0.150000    0.300000    0.660000          11          20          45    0.110000    0.200000    0.450000
 4499.000000          24          38          58    0.240000    0.380000    0.580000          20          32          46    0.200000    0.320000    0.460000
 4599.000000          14          34          43    0.140000    0.340000    0.430000          12          19          30    0.120000    0.190000    0.300000
 4699.000000          16          28          37    0.160000    0.280000    0.370000          14          24          28    0.140000    0.240000    0.280000
 4799.000000          28          38          56    0.280000    0.380000    0.560000          14          24          35    0.140000    0.240000    0.350000
 4899.000000          19          32          40    0.190000    0.320000    0.400000          12          18          25    0.120000    0.180000    0.250000
 4999.000000          27          32          41    0.270000    0.320000    0.410000          13          23          31    0.130000    0.230000    0.310000
 5099.000000          13          25          35    0.130000    0.250000    0.350000           5          18          28    0.050000    0.180000    0.280000
 5199.000000          27          35          49    0.270000    0.350000    0.490000          19          27          34    0.190000    0.270000    0.340000
 5299.000000          24          29          49    0.240000    0.290000    0.490000          21          23          46    0.210000    0.230000    0.460000
 5399.000000          14          26          43    0.140000    0.260000    0.430000          18          20          38    0.180000    0.200000    0.380000
 5499.000000          16          26          39    0.160000    0.260000    0.390000          12          15          18    0.120000    0.150000    0.180000
 5599.000000          15          18          21    0.150000    0.180000    0.210000          15          17          21    0.150000    0.170000    0.210000
 5699.000000          25          29          33    0.250000    0.290000    0.330000          14          22          26    0.140000    0.220000    0.260000
 5799.000000          15          33          42    0.150000    0.330000    0.420000          12          17          20    0.120000    0.170000    0.200000
 5899.000000          29          40          51    0.290000    0.400000    0.510000          11          18          20    0.110000    0.180000    0.200000
 5999.000000          18          36          49    0.180000    0.360000    0.490000           8          20          28    0.080000    0.200000    0.280000
 6099.000000          22          33          41    0.220000    0.330000    0.410000          12          22          31    0.120000    0.220000    0.310000
 6199.000000          20          28          30    0.200000    0.280000    0.300000           8          18          24    0.080000    0.180000    0.240000
 6299.000000          18          20          44    0.180000    0.200000    0.440000          13          22          41    0.130000    0.220000    0.410000
 6399.000000          21          31          51    0.210000    0.310000    0.510000          12          21          35    0.120000    0.210000    0.350000
 6499.000000          19          31          58    0.190000    0.310000    0.580000          22          26          50    0.220000    0.260000    0.500000
 6599.000000          15          31          49    0.150000    0.310000    0.490000          12          20          38    0.120000    0.200000    0.380000
 6699.000000          28          47          75    0.280000    0.470000    0.750000          10          27          51    0.100000    0.270000    0.510000
 6799.000000          24          41          66    0.240000    0.410000    0.660000          11          22          46    0.110000    0.220000    0.460000
 6899.000000          13          26          42    0.130000    0.260000    0.420000           8          16          26    0.080000    0.160000    0.260000
 6999.000000          16          33          49    0.160000    0.330000    0.490000          12          23          38    0.120000    0.230000    0.380000
 7099.000000          17          32          49    0.170000    0.320000    0.490000          13          23          35    0.130000    0.230000    0.350000
 7199.000000          28          41          77    0.280000    0.410000    0.770000          27          29          61    0.270000    0.290000    0.610000
 7299.000000          15          34          64    0.150000    0.340000    0.640000           6          24          51    0.060000    0.240000    0.510000
 7399.000000          20          35          71    0.200000    0.350000    0.710000          10          22          52    0.100000    0.220000    0.520000
 7499.000000          26          37          59    0.260000    0.370000    0.590000          21          32          48    0.210000    0.320000    0.480000
 7599.000000          19          21          30    0.190000    0.210000    0.300000           8          13          23    0.080000    0.130000    0.230000
 7699.000000          22          27          40    0.220000    0.270000    0.400000           2           4           6    0.020000    0.040000    0.060000
 7799.000000          14          24          36    0.140000    0.240000    0.360000           9          19          28    0.090000    0.190000    0.280000
 7899.000000          21          35          57    0.210000    0.350000    0.570000          22          26          39    0.220000    0.260000    0.390000
 7999.000000          15          32          57    0.150000    0.320000    0.570000          20          26          54    0.200000    0.260000    0.540000
 8099.000000           7          21          54    0.070000    0.210000    0.540000           6          16          46    0.060000    0.160000    0.460000
 8199.000000          11          35          51    0.110000    0.350000    0.510000          14          20          39    0.140000    0.200000    0.390000
 8299.000000          19          30          47    0.190000    0.300000    0.470000          10          21          38    0.100000    0.210000    0.380000
 8399.000000          12          24          60    0.120000    0.240000    0.600000          13          16          51    0.130000    0.160000    0.510000
 8499.000000          28          48          57    0.280000    0.480000    0.570000          12          26          32    0.120000    0.260000    0.320000
 8599.000000          15          28          43    0.150000    0.280000    0.430000          15          28          40    0.150000    0.280000    0.400000
 8699.000000          24          36          63    0.240000    0.360000    0.630000          33          34          52    0.330000    0.340000    0.520000
 8799.000000          21          32          58    0.210000    0.320000    0.580000          29          32          59    0.290000    0.320000    0.590000
 8899.000000          22          29          53    0.220000    0.290000    0.530000          18          22          40    0.180000    0.220000    0.400000
 8999.000000          21          36          55    0.210000    0.360000    0.550000           1          13          17    0.010000    0.130000    0.170000
 9099.000000           1          16          30    0.010000    0.160000    0.300000          15          25          37    0.150000    0.250000    0.370000
 9199.000000          14          38          44    0.140000    0.380000    0.440000          10          31          40    0.100000    0.310000    0.400000
 9299.000000           8          15          47    0.080000    0.150000    0.470000          15          16          49    0.150000    0.160000    0.490000
 9399.000000          21          25          51    0.210000    0.250000    0.510000          14          16          38    0.140000    0.160000    0.380000
 9499.000000          15          23          41    0.150000    0.230000    0.410000           7           8          12    0.070000    0.080000    0.120000
 9599.000000          16          28          54    0.160000    0.280000    0.540000           2           2           2    0.020000    0.020000    0.020000
 9699.000000          18          24          40    0.180000    0.240000    0.400000           2           2           4    0.020000    0.020000    0.040000
 9799.000000          14          23          31    0.140000    0.230000    0.310000          12          12          13    0.120000    0.120000    0.130000
 9899.000000          11          14          24    0.110000    0.140000    0.240000          12          15          26    0.120000    0.150000    0.260000
 9999.000000           1           1           9    0.010000    0.010000    0.090000           6           9          20    0.060000    0.090000    0.200000
10099.000000           6           9          18    0.060000    0.090000    0.180000          16          21          30    0.160000    0.210000    0.300000
10199.000000          16          18          25    0.160000    0.180000    0.250000          13          17          24    0.130000    0.170000    0.240000
10299.000000           6           9          11    0.060000    0.090000    0.110000          10          13          17    0.100000    0.130000    0.170000
10399.000000           7           8          13    0.070000    0.080000    0.130000          14          17          22    0.140000    0.170000    0.220000
10499.000000           3           5          12    0.030000    0.050000    0.120000           1           4          13    0.010000    0.040000    0.130000
10599.000000           9          20          29    0.090000    0.200000    0.290000           5          14          21    0.050000    0.140000    0.210000
10699.000000          23          34          36    0.230000    0.340000    0.360000          17          28          30    0.170000    0.280000    0.300000
10799.000000          26          31          39    0.260000    0.310000    0.390000          13          20          24    0.130000    0.200000    0.240000
10899.000000          14          25          31    0.140000    0.250000    0.310000           5          14          17    0.050000    0.140000    0.170000
10999.000000          18          24          24    0.180000    0.240000    0.240000          11          15          15    0.110000    0.150000    0.150000
11099.000000           5           7          10    0.050000    0.070000    0.100000           8          11          11    0.080000    0.110000    0.110000
11199.000000           0           1           3    0.000000    0.010000    0.030000           0           0           0    0.000000    0.000000    0.000000
11299.000000           0           0           0    0.000000    0.000000    0.000000           1           1           1    0.010000    0.010000    0.010000
11399.000000           6           8          21    0.060000    0.080000    0.210000           1           1          11    0.010000    0.010000    0.110000
11499.000000           9          20          40    0.090000    0.200000    0.400000          16          18          39    0.160000    0.180000    0.390000
11599.000000           0           0          19    0.000000    0.000000    0.190000           0           0          10    0.000000    0.000000    0.100000
11699.000000           0           0          42    0.000000    0.000000    0.420000           0           0           0    0.000000    0.000000    0.000000
11799.000000           0           0          53    0.000000    0.000000    0.530000           0           0          52    0.000000    0.000000    0.520000
11899.000000           0           0          56    0.000000    0.000000    0.560000           0           0          52    0.000000    0.000000    0.520000
11999.000000           0           0          56    0.000000    0.000000    0.560000           0           0          57    0.000000    0.000000    0.570000
12099.000000           0           0          46    0.000000    0.000000    0.460000           0           0          55    0.000000    0.000000    0.550000
12199.000000           0           0          64    0.000000    0.000000    0.640000           0           0          59    0.000000    0.000000    0.590000
12299.000000           0           0          42    0.000000    0.000000    0.420000           0           0          59    0.000000    0.000000    0.590000
12399.000000           0           0          24    0.000000    0.000000    0.240000           0           0          24    0.000000    0.000000    0.240000
12499.000000           0           0           5    0.000000    0.000000    0.050000           0           0           0    0.000000    0.000000    0.000000
12500.000000           0           0           0    0.000000    0.000000    0.000000           0           0           0    0.000000    0.000000    0.000000
# output generated by hbond_network -f /oasis/scratch/comet/scychon/temp_project/CcO/gromacs_new/pm_popc/from_ppdoo_solvate/MDRun/pmp_from_ppdoo_25ns.xtc
12598.000000           0           0           0    0.000000    0.000000    0.000000           0           0           0    0.000000    0.000000    0.000000
12698.000000           0           0           0    0.000000    0.000000    0.000000           0           0           0    0.000000    0.000000    0.000000
12798.000000           0           0           0    0.000000    0.000000    0.000000           0           0           0    0.000000    0.000000    0.000000
12898.000000           0           0           0    0.000000    0.000000    0.000000           1           1           1    0.010000    0.010000    0.010000
12998.000000           0           0           7    0.000000    0.000000    0.070000           0           0           0    0.000000    0.000000    0.000000
13098.000000           0           0           7    0.000000    0.000000    0.070000           0           0           1    0.000000    0.000000    0.010000
13198.000000           0           0           9    0.000000    0.000000    0.090000           0           0           9    0.000000    0.000000    0.090000
13298.000000          20          23          30    0.200000    0.230000    0.300000          14          18          22    0.140000    0.180000    0.220000
13398.000000          15          20          32    0.150000    0.200000    0.320000          35          40          68    0.350000    0.400000    0.680000
13498.000000           4          20          53    0.040000    0.200000    0.530000          22          22          63    0.220000    0.220000    0.630000
13598.000000           2          15          39    0.020000    0.150000    0.390000           4           4          10    0.040000    0.040000    0.100000
13698.000000          10          22          60    0.100000    0.220000    0.600000           0           0           0    0.000000    0.000000    0.000000
13798.000000           5          21          45    0.050000    0.210000    0.450000           8          12          29    0.080000    0.120000    0.290000
13898.000000           4          24          42    0.040000    0.240000    0.420000          21          24          41    0.210000    0.240000    0.410000
13998.000000           9          17          31    0.090000    0.170000    0.310000           6          16          33    0.060000    0.160000    0.330000
14098.000000          15          26          39    0.150000    0.260000    0.390000           7          20          40    0.070000    0.200000    0.400000
14198.000000           5          20          32    0.050000    0.200000    0.320000           1          11          24    0.010000    0.110000    0.240000
14298.000000          16          27          48    0.160000    0.270000    0.480000           6           8          25    0.060000    0.080000    0.250000
14398.000000          13          25          37    0.130000    0.250000    0.370000           9          17          32    0.090000    0.170000    0.320000
14498.000000          28          34          52    0.280000    0.340000    0.520000           5           8           9    0.050000    0.080000    0.090000
14598.000000           9          19          41    0.090000    0.190000    0.410000           0           0           0    0.000000    0.000000    0.000000
14698.000000          23          36          59    0.230000    0.360000    0.590000           0           0           0    0.000000    0.000000    0.000000
14798.000000           9          25          38    0.090000    0.250000    0.380000          14          15          27    0.140000    0.150000    0.270000
14898.000000          23          35          60    0.230000    0.350000    0.600000          16          19          54    0.160000    0.190000    0.540000
14998.000000          17          27          44    0.170000    0.270000    0.440000          13          20          41    0.130000    0.200000    0.410000
15098.000000           6          16          38    0.060000    0.160000    0.380000          12          15          38    0.120000    0.150000    0.380000
15198.000000          16          24          35    0.160000    0.240000    0.350000           5          16          22    0.050000    0.160000    0.220000
15298.000000           1          13          29    0.010000    0.130000    0.290000          13          17          42    0.130000    0.170000    0.420000
15398.000000           2           9          33    0.020000    0.090000    0.330000          10          12          40    0.100000    0.120000    0.400000
15498.000000           1           6          36    0.010000    0.060000    0.360000           2           4          20    0.020000    0.040000    0.200000
15598.000000           2          21          38    0.020000    0.210000    0.380000           3          14          26    0.030000    0.140000    0.260000
15698.000000          11          34          55    0.110000    0.340000    0.550000           9          30          48    0.090000    0.300000    0.480000
15798.000000           6          22          44    0.060000    0.220000    0.440000           4          21          44    0.040000    0.210000    0.440000
15898.000000           4          18          29    0.040000    0.180000    0.290000          11          19          39    0.110000    0.190000    0.390000
15998.000000           5          17          44    0.050000    0.170000    0.440000          12          16          40    0.120000    0.160000    0.400000
16098.000000          17          27          56    0.170000    0.270000    0.560000           9          17          50    0.090000    0.170000    0.500000
16198.000000          13          26          56    0.130000    0.260000    0.560000          14          22          44    0.140000    0.220000    0.440000
16298.000000          19          29          58    0.190000    0.290000    0.580000          16          20          44    0.160000    0.200000    0.440000
16398.000000           9          17          45    0.090000    0.170000    0.450000          11          13          44    0.110000    0.130000    0.440000
16498.000000          11          18          40    0.110000    0.180000    0.400000           7           9          25    0.070000    0.090000    0.250000
16598.000000          11          21          53    0.110000    0.210000    0.530000           9          12          46    0.090000    0.120000    0.460000
16698.000000          20          35          62    0.200000    0.350000    0.620000          24          26          53    0.240000    0.260000    0.530000
16798.000000          16          28          55    0.160000    0.280000    0.550000          11          13          33    0.110000    0.130000    0.330000
16898.000000          13          22          57    0.130000    0.220000    0.570000          16          19          56    0.160000    0.190000    0.560000
16998.000000           8          13          53    0.080000    0.130000    0.530000           9          11          52    0.090000    0.110000    0.520000
17098.000000          10          21          53    0.100000    0.210000    0.530000          16          18          47    0.160000    0.180000    0.470000
17198.000000          20          35          63    0.200000    0.350000    0.630000          24          26          46    0.240000    0.260000    0.460000
17298.000000          13          17          50    0.130000    0.170000    0.500000          16          17          43    0.160000    0.170000    0.430000
17398.000000          11          18          33    0.110000    0.180000    0.330000          19          21          42    0.190000    0.210000    0.420000
17498.000000           8          20          44    0.080000    0.200000    0.440000          12          15          33    0.120000    0.150000    0.330000
17598.000000          13          30          61    0.130000    0.300000    0.610000          13          21          41    0.130000    0.210000    0.410000
17698.000000          20          27          59    0.200000    0.270000    0.590000          19          24          46    0.190000    0.240000    0.460000
17798.000000          15          20          48    0.150000    0.200000    0.480000          20          23          46    0.200000    0.230000    0.460000
17898.000000           9          22          54    0.090000    0.220000    0.540000          13          21          48    0.130000    0.210000    0.480000
17998.000000          10          26          41    0.100000    0.260000    0.410000          24          30          48    0.240000    0.300000    0.480000
18098.000000          22          37          61    0.220000    0.370000    0.610000          17          24          47    0.170000    0.240000    0.470000
18198.000000           1          23          51    0.010000    0.230000    0.510000           3          16          40    0.030000    0.160000    0.400000
18298.000000           3          29          57    0.030000    0.290000    0.570000           4          22          51    0.040000    0.220000    0.510000
18398.000000           9          23          51    0.090000    0.230000    0.510000           5          16          41    0.050000    0.160000    0.410000
18498.000000          23          45          60    0.230000    0.450000    0.600000          21          29          48    0.210000    0.290000    0.480000
18598.000000           1          25          37    0.010000    0.250000    0.370000           3          19          31    0.030000    0.190000    0.310000
18698.000000           3          22          36    0.030000    0.220000    0.360000           5          14          31    0.050000    0.140000    0.310000
18798.000000           4          13          30    0.040000    0.130000    0.300000           3           7           8    0.030000    0.070000    0.080000
18898.000000           0          17          29    0.000000    0.170000    0.290000           8          11          30    0.080000    0.110000    0.300000
18998.000000           1          27          39    0.010000    0.270000    0.390000           6          18          33    0.060000    0.180000    0.330000
19098.000000          10          25          49    0.100000    0.250000    0.490000          20          29          58    0.200000    0.290000    0.580000
19198.000000           4          33          48    0.040000    0.330000    0.480000           8          22          34    0.080000    0.220000    0.340000
19298.000000           3          18          45    0.030000    0.180000    0.450000          11          15          46    0.110000    0.150000    0.460000
19398.000000           6          23          49    0.060000    0.230000    0.490000          16          22          43    0.160000    0.220000    0.430000
19498.000000           9          24          53    0.090000    0.240000    0.530000          10          15          37    0.100000    0.150000    0.370000
19598.000000          13          20          53    0.130000    0.200000    0.530000          10          13          41    0.100000    0.130000    0.410000
19698.000000           2           8          54    0.020000    0.080000    0.540000           6          11          57    0.060000    0.110000    0.570000
19798.000000          12          26          65    0.120000    0.260000    0.650000          19          20          60    0.190000    0.200000    0.600000
19898.000000           4          10          38    0.040000    0.100000    0.380000           3           8          41    0.030000    0.080000    0.410000
19998.000000          10          17          41    0.100000    0.170000    0.410000          12          14          39    0.120000    0.140000    0.390000
20098.000000           8          19          49    0.080000    0.190000    0.490000          12          24          46    0.120000    0.240000    0.460000
20198.000000          12          28          43    0.120000    0.280000    0.430000          13          22          39    0.130000    0.220000    0.390000
20298.000000           6          34          51    0.060000    0.340000    0.510000          12          26          41    0.120000    0.260000    0.410000
20398.000000          11          20          27    0.110000    0.200000    0.270000          13          21          28    0.130000    0.210000    0.280000
20498.000000          12          18          26    0.120000    0.180000    0.260000          11          13          20    0.110000    0.130000    0.200000
20598.000000           9          17          18    0.090000    0.170000    0.180000           6          16          17    0.060000    0.160000    0.170000
20698.000000           6          14          49    0.060000    0.140000    0.490000          10          16          39    0.100000    0.160000    0.390000
20798.000000          15          33          43    0.150000    0.330000    0.430000          18          28          37    0.180000    0.280000    0.370000
20898.000000          19          32          49    0.190000    0.320000    0.490000           9          19          28    0.090000    0.190000    0.280000
20998.000000          17          36          41    0.170000    0.360000    0.410000          19          25          28    0.190000    0.250000    0.280000
21098.000000          18          29          39    0.180000    0.290000    0.390000          15          25          33    0.150000    0.250000    0.330000
21198.000000          18          26          32    0.180000    0.260000    0.320000          10          17          27    0.100000    0.170000    0.270000
21298.000000          28          29          30    0.280000    0.290000    0.300000          19          26          27    0.190000    0.260000    0.270000
21398.000000          17          18          18    0.170000    0.180000    0.180000          13          17          17    0.130000    0.170000    0.170000
21498.000000          19          25          39    0.190000    0.250000    0.390000          14          16          24    0.140000    0.160000    0.240000
21598.000000          20          25          53    0.200000    0.250000    0.530000          17          21          44    0.170000    0.210000    0.440000
21698.000000          12          22          46    0.120000    0.220000    0.460000          12          18          34    0.120000    0.180000    0.340000
21798.000000          19          26          55    0.190000    0.260000    0.550000          16          22          45    0.160000    0.220000    0.450000
21898.000000          19          28          59    0.190000    0.280000    0.590000          18          22          48    0.180000    0.220000    0.480000
21998.000000          22          35          54    0.220000    0.350000    0.540000          20          22          36    0.200000    0.220000    0.360000
22098.000000           3          15          35    0.030000    0.150000    0.350000           9          13          25    0.090000    0.130000    0.250000
22198.000000           9          18          36    0.090000    0.180000    0.360000          13          21          36    0.130000    0.210000    0.360000
22298.000000          20          34          56    0.200000    0.340000    0.560000          13          24          38    0.130000    0.240000    0.380000
22398.000000          24          41          58    0.240000    0.410000    0.580000          16          26          42    0.160000    0.260000    0.420000
22498.000000          16          37          65    0.160000    0.370000    0.650000          13          24          41    0.130000    0.240000    0.410000
22598.000000          22          33          56    0.220000    0.330000    0.560000          13          20          39    0.130000    0.200000    0.390000
22698.000000          19          35          67    0.190000    0.350000    0.670000          17          30          53    0.170000    0.300000    0.530000
22798.000000          20          34          55    0.200000    0.340000    0.550000          13          21          39    0.130000    0.210000    0.390000
22898.000000           8          33          57    0.080000    0.330000    0.570000           7          21          42    0.070000    0.210000    0.420000
22998.000000           3          32          53    0.030000    0.320000    0.530000           8          17          30    0.080000    0.170000    0.300000
23098.000000           9          29          45    0.090000    0.290000    0.450000          11          25          36    0.110000    0.250000    0.360000
23198.000000          17          26          51    0.170000    0.260000    0.510000          23          25          42    0.230000    0.250000    0.420000
23298.000000          12          27          47    0.120000    0.270000    0.470000          11          23          37    0.110000    0.230000    0.370000
23398.000000          11          30          52    0.110000    0.300000    0.520000           8          15          32    0.080000    0.150000    0.320000
23498.000000           7          24          50    0.070000    0.240000    0.500000          14          24          48    0.140000    0.240000    0.480000
23598.000000           9          28          58    0.090000    0.280000    0.580000           8          16          27    0.080000    0.160000    0.270000
23698.000000           6          30          61    0.060000    0.300000    0.610000          13          23          43    0.130000    0.230000    0.430000
23798.000000           8          23          49    0.080000    0.230000    0.490000          10          18          41    0.100000    0.180000    0.410000
23898.000000          14          30          56    0.140000    0.300000    0.560000          15          23          49    0.150000    0.230000    0.490000
23998.000000           9          23          41    0.090000    0.230000    0.410000           9          15          35    0.090000    0.150000    0.350000
24098.000000          17          27          41    0.170000    0.270000    0.410000          17          20          31    0.170000    0.200000    0.310000
24198.000000           9          18          47    0.090000    0.180000    0.470000           9          15          39    0.090000    0.150000    0.390000
24298.000000           7          23          50    0.070000    0.230000    0.500000           9          13          31    0.090000    0.130000    0.310000
24398.000000           8          23          32    0.080000    0.230000    0.320000          18          22          29    0.180000    0.220000    0.290000
24498.000000          15          32          43    0.150000    0.320000    0.430000          16          27          36    0.160000    0.270000    0.360000
24598.000000           7          28          28    0.070000    0.280000    0.280000           8          23          23    0.080000    0.230000    0.230000
24698.000000          21          33          33    0.210000    0.330000    0.330000          16          24          24    0.160000    0.240000    0.240000
24798.000000          17          35          44    0.170000    0.350000    0.440000          19          28          33    0.190000    0.280000    0.330000
24898.000000          31          38          43    0.310000    0.380000    0.430000           4          13          17    0.040000    0.130000    0.170000
24998.000000          21          31          40    0.210000    0.310000    0.400000          14          24          28    0.140000    0.240000    0.280000
25000.000000           1           1           1    0.010000    0.010000    0.010000           0           0           0    0.000000    0.000000    0.000000
# output generated by hbond_network -f /oasis/scratch/comet/scychon/temp_project/CcO/gromacs_new/pm_popc/from_ppdoo_solvate/MDRun/pmp_from_ppdoo_37ns.xtc
25097.000000          14          25          30    0.140000    0.250000    0.300000           1           7          12    0.010000    0.070000    0.120000
25197.000000           7          26          28    0.070000    0.260000    0.280000           6          20          22    0.060000    0.200000    0.220000
25297.000000          12          26          31    0.120000    0.260000    0.310000          12          22          25    0.120000    0.220000    0.250000
25397.000000          16          29          30    0.160000    0.290000    0.300000          15          21          22    0.150000    0.210000    0.220000
25497.000000          12          25          39    0.120000    0.250000    0.390000           8          18          27    0.080000    0.180000    0.270000
25597.000000          13          28          32    0.130000    0.280000    0.320000           9          18          24    0.090000    0.180000    0.240000
25697.000000          14          24          28    0.140000    0.240000    0.280000          11          20          22    0.110000    0.200000    0.220000
25797.000000          16          30          36    0.160000    0.300000    0.360000          15          22          26    0.150000    0.220000    0.260000
25897.000000          12          24          37    0.120000    0.240000    0.370000           3           8          17    0.030000    0.080000    0.170000
25997.000000          17          28          34    0.170000    0.280000    0.340000           9          18          21    0.090000    0.180000    0.210000
26097.000000          15          31          42    0.150000    0.310000    0.420000          10          20          21    0.100000    0.200000    0.210000
26197.000000           9          22          27    0.090000    0.220000    0.270000          16          22          27    0.160000    0.220000    0.270000
26297.000000          19          31          37    0.190000    0.310000    0.370000          13          21          24    0.130000    0.210000    0.240000
26397.000000          15          33          39    0.150000    0.330000    0.390000          22          31          34    0.220000    0.310000    0.340000
26497.000000          23          32          34    0.230000    0.320000    0.340000          14          20          23    0.140000    0.200000    0.230000
26597.000000          13          36          37    0.130000    0.360000    0.370000           8          21          22    0.080000    0.210000    0.220000
26697.000000           8          19          20    0.080000    0.190000    0.200000          10          18          20    0.100000    0.180000    0.200000
26797.000000           7          25          38    0.070000    0.250000    0.380000           4          20          28    0.040000    0.200000    0.280000
26897.000000           7          24          41    0.070000    0.240000    0.410000           6          18          33    0.060000    0.180000    0.330000
26997.000000          19          29          39    0.190000    0.290000    0.390000           8          17          25    0.080000    0.170000    0.250000
27097.000000          13          29          44    0.130000    0.290000    0.440000          10          25          42    0.100000    0.250000    0.420000
27197.000000           7          25          52    0.070000    0.250000    0.520000           5          15          35    0.050000    0.150000    0.350000
27297.000000          15          31          65    0.150000    0.310000    0.650000          18          22          45    0.180000    0.220000    0.450000
27397.000000          17          33          61    0.170000    0.330000    0.610000          21          28          44    0.210000    0.280000    0.440000
27497.000000          13          20          48    0.130000    0.200000    0.480000          14          17          39    0.140000    0.170000    0.390000
27597.000000           6          17          48    0.060000    0.170000    0.480000           7          11          42    0.070000    0.110000    0.420000
27697.000000          20          21          24    0.200000    0.210000    0.240000          15          16          19    0.150000    0.160000    0.190000
27797.000000          14          24          25    0.140000    0.240000    0.250000           9          16          18    0.090000    0.160000    0.180000
27897.000000          19          31          58    0.190000    0.310000    0.580000           2          11          25    0.020000    0.110000    0.250000
27997.000000           6          17          32    0.060000    0.170000    0.320000           6           9          19    0.060000    0.090000    0.190000
28097.000000           3          20          30    0.030000    0.200000    0.300000           3           9          13    0.030000    0.090000    0.130000
28197.000000           8          16          27    0.080000    0.160000    0.270000          12          17          28    0.120000    0.170000    0.280000
28297.000000          17          33          45    0.170000    0.330000    0.450000           5          18          26    0.050000    0.180000    0.260000
28397.000000           8          17          44    0.080000    0.170000    0.440000          10          13          40    0.100000    0.130000    0.400000
28497.000000          11          19          45    0.110000    0.190000    0.450000          13          15          39    0.130000    0.150000    0.390000
28597.000000           7          12          45    0.070000    0.120000    0.450000          12          13          34    0.120000    0.130000    0.340000
28697.000000           1           4          32    0.010000    0.040000    0.320000           1           3          21    0.010000    0.030000    0.210000
28797.000000           1           1          22    0.010000    0.010000    0.220000           0           0           8    0.000000    0.000000    0.080000
28897.000000           2           6          18    0.020000    0.060000    0.180000           0           5          23    0.000000    0.050000    0.230000
28997.000000           4          19          40    0.040000    0.190000    0.400000           4          10          27    0.040000    0.100000    0.270000
29097.000000          18          39          70    0.180000    0.390000    0.700000          16          25          47    0.160000    0.250000    0.470000
29197.000000          18          35          57    0.180000    0.350000    0.570000          10          19          32    0.100000    0.190000    0.320000
29297.000000           7          25          50    0.070000    0.250000    0.500000           6          14          29    0.060000    0.140000    0.290000
29397.000000          11          14          42    0.110000    0.140000    0.420000          10          12          34    0.100000    0.120000    0.340000
29497.000000           0           0          52    0.000000    0.000000    0.520000           0           0          45    0.000000    0.000000    0.450000
29597.000000           5          15          55    0.050000    0.150000    0.550000           4           9          33    0.040000    0.090000    0.330000
29697.000000           3          19          35    0.030000    0.190000    0.350000           4          15          25    0.040000    0.150000    0.250000
29797.000000           6          19          26    0.060000    0.190000    0.260000           4          11          24    0.040000    0.110000    0.240000
29897.000000           1           2          40    0.010000    0.020000    0.400000           2           4          35    0.020000    0.040000    0.350000
29997.000000           4          13          35    0.040000    0.130000    0.350000           2           4          22    0.020000    0.040000    0.220000
30097.000000           2          12          45    0.020000    0.120000    0.450000           4          11          41    0.040000    0.110000    0.410000
30197.000000           8          18          45    0.080000    0.180000    0.450000           4          11          29    0.040000    0.110000    0.290000
30297.000000          17          31          54    0.170000    0.310000    0.540000          10          21          37    0.100000    0.210000    0.370000
30397.000000          13          20          30    0.130000    0.200000    0.300000          14          23          28    0.140000    0.230000    0.280000
30497.000000          16          29          56    0.160000    0.290000    0.560000           8          19          40    0.080000    0.190000    0.400000
30597.000000          19          35          58    0.190000    0.350000    0.580000          11          23          40    0.110000    0.230000    0.400000
30697.000000          26          34          62    0.260000    0.340000    0.620000          10          16          36    0.100000    0.160000    0.360000
30797.000000          20          39          55    0.200000    0.390000    0.550000          15          23          40    0.150000    0.230000    0.400000
30897.000000          12          28          32    0.120000    0.280000    0.320000           4          15          18    0.040000    0.150000    0.180000
30997.000000          10          26          28    0.100000    0.260000    0.280000          20          24          27    0.200000    0.240000    0.270000
31097.000000          14          23          25    0.140000    0.230000    0.250000          15          22          24    0.150000    0.220000    0.240000
31197.000000          16          28          45    0.160000    0.280000    0.450000          14          20          36    0.140000    0.200000    0.360000
31297.000000          11          22          35    0.110000    0.220000    0.350000           5          17          30    0.050000    0.170000    0.300000
31397.000000          11          23          50    0.110000    0.230000    0.500000          10          27          50    0.100000    0.270000    0.500000
31497.000000          14          20          38    0.140000    0.200000    0.380000           7          14          23    0.070000    0.140000    0.230000
31597.000000          22          38          44    0.220000    0.380000    0.440000          10          36          42    0.100000    0.360000    0.420000
31697.000000          20          33          50    0.200000    0.330000    0.500000           5          16          34    0.050000    0.160000    0.340000
31797.000000          18          34          47    0.180000    0.340000    0.470000           9          29          43    0.090000    0.290000    0.430000
31897.000000          20          36          41    0.200000    0.360000    0.410000          12          22          27    0.120000    0.220000    0.270000
31997.000000          16          27          33    0.160000    0.270000    0.330000          16          25          26    0.160000    0.250000    0.260000
32097.000000          18          33          40    0.180000    0.330000    0.400000          14          25          29    0.140000    0.250000    0.290000
32197.000000          14          26          31    0.140000    0.260000    0.310000           7          21          26    0.070000    0.210000    0.260000
32297.000000          14          27          28    0.140000    0.270000    0.280000          12          21          23    0.120000    0.210000    0.230000
32397.000000          16          34          46    0.160000    0.340000    0.460000          10          22          27    0.100000    0.220000    0.270000
32497.000000          21          48          54    0.210000    0.480000    0.540000          15          31          34    0.150000    0.310000    0.340000
32597.000000           9          27          40    0.090000    0.270000    0.400000           7          19          29    0.070000    0.190000    0.290000
32697.000000           9          22          34    0.090000    0.220000    0.340000           6          17          28    0.060000    0.170000    0.280000
32797.000000          11          25          31    0.110000    0.250000    0.310000           6          16          20    0.060000    0.160000    0.200000
32897.000000          13          24          25    0.130000    0.240000    0.250000          11          15          17    0.110000    0.150000    0.170000
32997.000000           7          22          30    0.070000    0.220000    0.300000           4          10          16    0.040000    0.100000    0.160000
33097.000000          15          30          42    0.150000    0.300000    0.420000           9          13          23    0.090000    0.130000    0.230000
33197.000000          12          24          29    0.120000    0.240000    0.290000           8          19          24    0.080000    0.190000    0.240000
33297.000000          22          29          39    0.220000    0.290000    0.390000          13          15          19    0.130000    0.150000    0.190000
33397.000000          20          29          39    0.200000    0.290000    0.390000          19          25          36    0.190000    0.250000    0.360000
33497.000000          23          34          34    0.230000    0.340000    0.340000          24          30          30    0.240000    0.300000    0.300000
33597.000000          23          40          52    0.230000    0.400000    0.520000          26          30          35    0.260000    0.300000    0.350000
33697.000000          14          27          43    0.140000    0.270000    0.430000          13          17          32    0.130000    0.170000    0.320000
33797.000000          22          34          55    0.220000    0.340000    0.550000          25          26          46    0.250000    0.260000    0.460000
33897.000000          18          31          59    0.180000    0.310000    0.590000          20          26          45    0.200000    0.260000    0.450000
33997.000000          11          27          51    0.110000    0.270000    0.510000          14          20          41    0.140000    0.200000    0.410000
34097.000000          13          31          57    0.130000    0.310000    0.570000          11          21          44    0.110000    0.210000    0.440000
34197.000000          16          45          73    0.160000    0.450000    0.730000          15          34          61    0.150000    0.340000    0.610000
34297.000000          13          32          59    0.130000    0.320000    0.590000           6          27          48    0.060000    0.270000    0.480000
34397.000000          16          33          62    0.160000    0.330000    0.620000          15          25          46    0.150000    0.250000    0.460000
34497.000000          28          53          78    0.280000    0.530000    0.780000          18          42          65    0.180000    0.420000    0.650000
34597.000000          12          24          56    0.120000    0.240000    0.560000          10          19          47    0.100000    0.190000    0.470000
34697.000000          27          41          70    0.270000    0.410000    0.700000          15          23          50    0.150000    0.230000    0.500000
34797.000000          20          31          52    0.200000    0.310000    0.520000          14          22          33    0.140000    0.220000    0.330000
34897.000000          19          35          55    0.190000    0.350000    0.550000          15          27          42    0.150000    0.270000    0.420000
34997.000000          18          38          67    0.180000    0.380000    0.670000          13          22          43    0.130000    0.220000    0.430000
35097.000000           8          30          57    0.080000    0.300000    0.570000           9          19          38    0.090000    0.190000    0.380000
35197.000000          16          23          44    0.160000    0.230000    0.440000           9          12          27    0.090000    0.120000    0.270000
35297.000000          11          22          44    0.110000    0.220000    0.440000           6          13          30    0.060000    0.130000    0.300000
35397.000000          10          27          49    0.100000    0.270000    0.490000          19          23          39    0.190000    0.230000    0.390000
35497.000000          10          13          43    0.100000    0.130000    0.430000           7           8          39    0.070000    0.080000    0.390000
35597.000000           6          30          34    0.060000    0.300000    0.340000           5          14          18    0.050000    0.140000    0.180000
35697.000000          14          30          57    0.140000    0.300000    0.570000           9          19          36    0.090000    0.190000    0.360000
35797.000000           7          28          49    0.070000    0.280000    0.490000           8          22          37    0.080000    0.220000    0.370000
35897.000000          13          31          61    0.130000    0.310000    0.610000          11          16          31    0.110000    0.160000    0.310000
35997.000000          21          43          59    0.210000    0.430000    0.590000          23          30          45    0.230000    0.300000    0.450000
36097.000000          20          34          54    0.200000    0.340000    0.540000          15          23          38    0.150000    0.230000    0.380000
36197.000000          28          36          41    0.280000    0.360000    0.410000          21          23          26    0.210000    0.230000    0.260000
36297.000000          23          30          47    0.230000    0.300000    0.470000          18          24          38    0.180000    0.240000    0.380000
36397.000000           7          22          39    0.070000    0.220000    0.390000           7          13          28    0.070000    0.130000    0.280000
36497.000000          15          27          58    0.150000    0.270000    0.580000          12          30          54    0.120000    0.300000    0.540000
36597.000000          13          27          42    0.130000    0.270000    0.420000           3           7          17    0.030000    0.070000    0.170000
36697.000000          15          29          32    0.150000    0.290000    0.320000           5          15          19    0.050000    0.150000    0.190000
36797.000000          24          41          44    0.240000    0.410000    0.440000          19          26          30    0.190000    0.260000    0.300000
36897.000000          17          21          23    0.170000    0.210000    0.230000          19          20          21    0.190000    0.200000    0.210000
36997.000000          32          49          53    0.320000    0.490000    0.530000          18          26          29    0.180000    0.260000    0.290000
37097.000000          25          38          41    0.250000    0.380000    0.410000          19          28          32    0.190000    0.280000    0.320000
37197.000000          18          26          26    0.180000    0.260000    0.260000           9          14          14    0.090000    0.140000    0.140000
37297.000000          22          29          32    0.220000    0.290000    0.320000          11          16          18    0.110000    0.160000    0.180000
37397.000000          17          19          20    0.170000    0.190000    0.200000          13          16          17    0.130000    0.160000    0.170000
37403.000000           1           1           1    0.010000    0.010000    0.010000           0           0           0    0.000000    0.000000    0.000000
# output generated by hbond_network -f /oasis/scratch/comet/scychon/temp_project/CcO/gromacs_new/pm_popc/from_ppdoo_solvate/MDRun/pmp_from_ppdoo_50ns.xtc
