# output generated by hbond_network -f /oasis/scratch/comet/scychon/temp_project/CcO/gromacs_new/pm_popc/xtal_solvate/MDRun/pmp_popc_eq.xtc
 -900.000000           0           0           0    0.000000    0.000000    0.000000           0           0           0    0.000000    0.000000    0.000000
 -800.000000           0           0           0    0.000000    0.000000    0.000000           0           0           0    0.000000    0.000000    0.000000
 -700.000000           0           0           0    0.000000    0.000000    0.000000           0           0           0    0.000000    0.000000    0.000000
 -600.000000           0           0           0    0.000000    0.000000    0.000000           0           0           0    0.000000    0.000000    0.000000
 -500.000000           0           0           0    0.000000    0.000000    0.000000           0           0           0    0.000000    0.000000    0.000000
 -400.000000           0           0           0    0.000000    0.000000    0.000000           0           0           0    0.000000    0.000000    0.000000
 -300.000000           0           0           0    0.000000    0.000000    0.000000           0           0           0    0.000000    0.000000    0.000000
 -200.000000           0           0           0    0.000000    0.000000    0.000000           0           0           0    0.000000    0.000000    0.000000
 -100.000000           0           0           0    0.000000    0.000000    0.000000           0           0           0    0.000000    0.000000    0.000000
    0.000000           0           0           0    0.000000    0.000000    0.000000           0           0           0    0.000000    0.000000    0.000000
    0.000000           0           0           0    0.000000    0.000000    0.000000           0           0           0    0.000000    0.000000    0.000000
# output generated by hbond_network -f /oasis/scratch/comet/scychon/temp_project/CcO/gromacs_new/pm_popc/xtal_solvate/MDRun/pmp_popc_12ns.xtc
 1099.000000           0           0           0    0.000000    0.000000    0.000000           0           0           0    0.000000    0.000000    0.000000
 1199.000000           0           0           0    0.000000    0.000000    0.000000           0           0           0    0.000000    0.000000    0.000000
 1299.000000           0           0           0    0.000000    0.000000    0.000000           0           0           0    0.000000    0.000000    0.000000
 1399.000000           0           0           0    0.000000    0.000000    0.000000           0           0           0    0.000000    0.000000    0.000000
 1499.000000           0           0           0    0.000000    0.000000    0.000000           0           0           0    0.000000    0.000000    0.000000
 1599.000000           0           0           0    0.000000    0.000000    0.000000           0           0           0    0.000000    0.000000    0.000000
 1699.000000           0           0           0    0.000000    0.000000    0.000000           0           0           0    0.000000    0.000000    0.000000
 1799.000000           0           0           0    0.000000    0.000000    0.000000           0           0           0    0.000000    0.000000    0.000000
 1899.000000           0           0           0    0.000000    0.000000    0.000000           0           0           0    0.000000    0.000000    0.000000
 1999.000000           0           0           0    0.000000    0.000000    0.000000           0           0           0    0.000000    0.000000    0.000000
 2099.000000           0           0           0    0.000000    0.000000    0.000000           0           0           0    0.000000    0.000000    0.000000
 2199.000000           0           0           0    0.000000    0.000000    0.000000           0           0           0    0.000000    0.000000    0.000000
 2299.000000           0           0           0    0.000000    0.000000    0.000000           0           0           0    0.000000    0.000000    0.000000
 2399.000000           0           0           0    0.000000    0.000000    0.000000           0           0           0    0.000000    0.000000    0.000000
 2499.000000           0           0           0    0.000000    0.000000    0.000000           0           0           0    0.000000    0.000000    0.000000
 2599.000000           0           0           0    0.000000    0.000000    0.000000           0           0           0    0.000000    0.000000    0.000000
 2699.000000           0           0           0    0.000000    0.000000    0.000000           0           0           0    0.000000    0.000000    0.000000
 2799.000000           0           0           0    0.000000    0.000000    0.000000           0           0           0    0.000000    0.000000    0.000000
 2899.000000           0           0           0    0.000000    0.000000    0.000000           0           0           0    0.000000    0.000000    0.000000
 2999.000000           0           0           0    0.000000    0.000000    0.000000           0           0           0    0.000000    0.000000    0.000000
 3099.000000           0           0           0    0.000000    0.000000    0.000000           0           0           0    0.000000    0.000000    0.000000
 3199.000000           0           0           0    0.000000    0.000000    0.000000           0           0           0    0.000000    0.000000    0.000000
 3299.000000           0           0           0    0.000000    0.000000    0.000000           0           0           0    0.000000    0.000000    0.000000
 3399.000000           0           0           0    0.000000    0.000000    0.000000           0           0           0    0.000000    0.000000    0.000000
 3499.000000           0           0           0    0.000000    0.000000    0.000000           0           0           0    0.000000    0.000000    0.000000
 3599.000000           0           0           0    0.000000    0.000000    0.000000           0           0           0    0.000000    0.000000    0.000000
 3699.000000           0           0           0    0.000000    0.000000    0.000000           0           0           0    0.000000    0.000000    0.000000
 3799.000000           0           0           0    0.000000    0.000000    0.000000           0           0           0    0.000000    0.000000    0.000000
 3899.000000           0           0           0    0.000000    0.000000    0.000000           0           0           0    0.000000    0.000000    0.000000
 3999.000000           0           0           0    0.000000    0.000000    0.000000           0           0           0    0.000000    0.000000    0.000000
 4099.000000           0           0           0    0.000000    0.000000    0.000000           0           0           0    0.000000    0.000000    0.000000
 4199.000000           0           0           0    0.000000    0.000000    0.000000           0           0           0    0.000000    0.000000    0.000000
 4299.000000           0           0           0    0.000000    0.000000    0.000000           0           0           0    0.000000    0.000000    0.000000
 4399.000000           0           0           0    0.000000    0.000000    0.000000           0           0           0    0.000000    0.000000    0.000000
 4499.000000           0           0           0    0.000000    0.000000    0.000000           0           0           0    0.000000    0.000000    0.000000
 4599.000000           0           0           0    0.000000    0.000000    0.000000           0           0           0    0.000000    0.000000    0.000000
 4699.000000           0           0           0    0.000000    0.000000    0.000000           0           0           0    0.000000    0.000000    0.000000
 4799.000000           0           0           0    0.000000    0.000000    0.000000           0           0           0    0.000000    0.000000    0.000000
 4899.000000           0           0           0    0.000000    0.000000    0.000000           0           0           0    0.000000    0.000000    0.000000
 4999.000000           0           0           0    0.000000    0.000000    0.000000           0           0           0    0.000000    0.000000    0.000000
 5099.000000           0           0           0    0.000000    0.000000    0.000000           0           0           0    0.000000    0.000000    0.000000
 5199.000000           0           0           0    0.000000    0.000000    0.000000           0           0           0    0.000000    0.000000    0.000000
 5299.000000           0           0           0    0.000000    0.000000    0.000000           0           0           0    0.000000    0.000000    0.000000
 5399.000000           0           0           0    0.000000    0.000000    0.000000           0           0           0    0.000000    0.000000    0.000000
 5499.000000           0           0           0    0.000000    0.000000    0.000000           0           0           0    0.000000    0.000000    0.000000
 5599.000000           0           0           0    0.000000    0.000000    0.000000           0           0           0    0.000000    0.000000    0.000000
 5699.000000           0           0           0    0.000000    0.000000    0.000000           0           0           0    0.000000    0.000000    0.000000
 5799.000000           0           0           0    0.000000    0.000000    0.000000           0           0           0    0.000000    0.000000    0.000000
 5899.000000           0           0           0    0.000000    0.000000    0.000000           0           0           0    0.000000    0.000000    0.000000
 5999.000000           0           0           0    0.000000    0.000000    0.000000           0           0           0    0.000000    0.000000    0.000000
 6099.000000           0           0           0    0.000000    0.000000    0.000000           0           0           0    0.000000    0.000000    0.000000
 6199.000000           0           0           0    0.000000    0.000000    0.000000           0           0           0    0.000000    0.000000    0.000000
 6299.000000           0           0           0    0.000000    0.000000    0.000000           0           0           0    0.000000    0.000000    0.000000
 6399.000000           0           0           0    0.000000    0.000000    0.000000           0           0           0    0.000000    0.000000    0.000000
 6499.000000           0           0           0    0.000000    0.000000    0.000000           0           0           0    0.000000    0.000000    0.000000
 6599.000000           0           0           0    0.000000    0.000000    0.000000           0           0           0    0.000000    0.000000    0.000000
 6699.000000           0           0           0    0.000000    0.000000    0.000000           0           0           0    0.000000    0.000000    0.000000
 6799.000000           0           0           0    0.000000    0.000000    0.000000           0           0           0    0.000000    0.000000    0.000000
 6899.000000           0           0           0    0.000000    0.000000    0.000000           0           0           0    0.000000    0.000000    0.000000
 6999.000000           0           0           0    0.000000    0.000000    0.000000           0           0           0    0.000000    0.000000    0.000000
 7099.000000           0           0           0    0.000000    0.000000    0.000000           0           0           0    0.000000    0.000000    0.000000
 7199.000000           0           0           0    0.000000    0.000000    0.000000           0           0           0    0.000000    0.000000    0.000000
 7299.000000           0           0           0    0.000000    0.000000    0.000000           0           0           0    0.000000    0.000000    0.000000
 7399.000000           0           0           0    0.000000    0.000000    0.000000           0           0           0    0.000000    0.000000    0.000000
 7499.000000           0           0           0    0.000000    0.000000    0.000000           0           0           0    0.000000    0.000000    0.000000
 7599.000000           0           0           0    0.000000    0.000000    0.000000           0           0           0    0.000000    0.000000    0.000000
 7699.000000           0           0           0    0.000000    0.000000    0.000000           0           0           0    0.000000    0.000000    0.000000
 7799.000000           0           0           0    0.000000    0.000000    0.000000           0           0           0    0.000000    0.000000    0.000000
 7899.000000           0           0           0    0.000000    0.000000    0.000000           0           0           0    0.000000    0.000000    0.000000
 7999.000000           0           0           0    0.000000    0.000000    0.000000           0           0           0    0.000000    0.000000    0.000000
 8099.000000           0           0           0    0.000000    0.000000    0.000000           0           0           0    0.000000    0.000000    0.000000
 8199.000000           0           0           0    0.000000    0.000000    0.000000           0           0           0    0.000000    0.000000    0.000000
 8299.000000           0           0           0    0.000000    0.000000    0.000000           0           0           0    0.000000    0.000000    0.000000
 8399.000000           0           0           0    0.000000    0.000000    0.000000           0           0           0    0.000000    0.000000    0.000000
 8499.000000           0           0           0    0.000000    0.000000    0.000000           0           0           0    0.000000    0.000000    0.000000
 8599.000000           0           0           0    0.000000    0.000000    0.000000           0           0           0    0.000000    0.000000    0.000000
 8699.000000           0           0           0    0.000000    0.000000    0.000000           0           0           0    0.000000    0.000000    0.000000
 8799.000000           0           0           0    0.000000    0.000000    0.000000           0           0           0    0.000000    0.000000    0.000000
 8899.000000           0           0           0    0.000000    0.000000    0.000000           0           0           0    0.000000    0.000000    0.000000
 8999.000000           0           0           0    0.000000    0.000000    0.000000           0           0           0    0.000000    0.000000    0.000000
 9099.000000           0           0           0    0.000000    0.000000    0.000000           0           0           0    0.000000    0.000000    0.000000
 9199.000000           0           0           0    0.000000    0.000000    0.000000           0           0           0    0.000000    0.000000    0.000000
 9299.000000           0           0           0    0.000000    0.000000    0.000000           0           0           0    0.000000    0.000000    0.000000
 9399.000000           0           0           0    0.000000    0.000000    0.000000           0           0           0    0.000000    0.000000    0.000000
 9499.000000           0           0           0    0.000000    0.000000    0.000000           0           0           0    0.000000    0.000000    0.000000
 9599.000000           0           0           0    0.000000    0.000000    0.000000           0           0           0    0.000000    0.000000    0.000000
 9699.000000           0           0           0    0.000000    0.000000    0.000000           0           0           0    0.000000    0.000000    0.000000
 9799.000000           0           0           0    0.000000    0.000000    0.000000           0           0           0    0.000000    0.000000    0.000000
 9899.000000           0           0           0    0.000000    0.000000    0.000000           0           0           0    0.000000    0.000000    0.000000
 9999.000000           0           0           0    0.000000    0.000000    0.000000           0           0           0    0.000000    0.000000    0.000000
10099.000000           0           0           0    0.000000    0.000000    0.000000           0           0           0    0.000000    0.000000    0.000000
10199.000000           0           0           0    0.000000    0.000000    0.000000           0           0           0    0.000000    0.000000    0.000000
10299.000000           0           0           0    0.000000    0.000000    0.000000           0           0           0    0.000000    0.000000    0.000000
10399.000000           0           0           0    0.000000    0.000000    0.000000           0           0           0    0.000000    0.000000    0.000000
10499.000000           0           0           0    0.000000    0.000000    0.000000           0           0           0    0.000000    0.000000    0.000000
10599.000000           0           0           0    0.000000    0.000000    0.000000           0           0           0    0.000000    0.000000    0.000000
10699.000000           0           0           0    0.000000    0.000000    0.000000           0           0           0    0.000000    0.000000    0.000000
10799.000000           0           0           0    0.000000    0.000000    0.000000           0           0           0    0.000000    0.000000    0.000000
10899.000000           0           0           0    0.000000    0.000000    0.000000           0           0           0    0.000000    0.000000    0.000000
10999.000000           0           0           0    0.000000    0.000000    0.000000           0           0           0    0.000000    0.000000    0.000000
11099.000000           0           0           0    0.000000    0.000000    0.000000           0           0           0    0.000000    0.000000    0.000000
11199.000000           0           0           0    0.000000    0.000000    0.000000           0           0           0    0.000000    0.000000    0.000000
11299.000000           0           0           0    0.000000    0.000000    0.000000           0           0           0    0.000000    0.000000    0.000000
11399.000000           0           0           0    0.000000    0.000000    0.000000           0           0           0    0.000000    0.000000    0.000000
11499.000000           0           0           0    0.000000    0.000000    0.000000           0           0           0    0.000000    0.000000    0.000000
11599.000000           0           0           0    0.000000    0.000000    0.000000           0           0           0    0.000000    0.000000    0.000000
11699.000000           0           0           0    0.000000    0.000000    0.000000           0           0           0    0.000000    0.000000    0.000000
11799.000000           0           0           0    0.000000    0.000000    0.000000           0           0           0    0.000000    0.000000    0.000000
11899.000000           0           0           0    0.000000    0.000000    0.000000           0           0           0    0.000000    0.000000    0.000000
11999.000000           0           0           0    0.000000    0.000000    0.000000           0           0           0    0.000000    0.000000    0.000000
12099.000000           0           0           0    0.000000    0.000000    0.000000           0           0           0    0.000000    0.000000    0.000000
12199.000000           0           0           0    0.000000    0.000000    0.000000           0           0           0    0.000000    0.000000    0.000000
12299.000000           0           0           0    0.000000    0.000000    0.000000           0           0           0    0.000000    0.000000    0.000000
12399.000000           0           0           0    0.000000    0.000000    0.000000           0           0           0    0.000000    0.000000    0.000000
12499.000000           0           0           0    0.000000    0.000000    0.000000           0           0           0    0.000000    0.000000    0.000000
12500.000000           0           0           0    0.000000    0.000000    0.000000           0           0           0    0.000000    0.000000    0.000000
# output generated by hbond_network -f /oasis/scratch/comet/scychon/temp_project/CcO/gromacs_new/pm_popc/xtal_solvate/MDRun/pmp_popc_25ns.xtc
12598.000000           0           0           0    0.000000    0.000000    0.000000           0           0           0    0.000000    0.000000    0.000000
12698.000000           0           0           0    0.000000    0.000000    0.000000           0           0           0    0.000000    0.000000    0.000000
12798.000000           0           0           0    0.000000    0.000000    0.000000           0           0           0    0.000000    0.000000    0.000000
12898.000000           0           0           0    0.000000    0.000000    0.000000           0           0           0    0.000000    0.000000    0.000000
12998.000000           0           0           0    0.000000    0.000000    0.000000           0           0           0    0.000000    0.000000    0.000000
13098.000000           0           0           0    0.000000    0.000000    0.000000           0           0           0    0.000000    0.000000    0.000000
13198.000000           0           0           0    0.000000    0.000000    0.000000           0           0           0    0.000000    0.000000    0.000000
13298.000000           0           0           0    0.000000    0.000000    0.000000           0           0           0    0.000000    0.000000    0.000000
13398.000000           0           0           0    0.000000    0.000000    0.000000           0           0           0    0.000000    0.000000    0.000000
13498.000000           0           0           0    0.000000    0.000000    0.000000           0           0           0    0.000000    0.000000    0.000000
13598.000000           0           0           0    0.000000    0.000000    0.000000           0           0           0    0.000000    0.000000    0.000000
13698.000000           0           0           0    0.000000    0.000000    0.000000           0           0           0    0.000000    0.000000    0.000000
13798.000000           0           0           0    0.000000    0.000000    0.000000           0           0           0    0.000000    0.000000    0.000000
13898.000000           0           0           0    0.000000    0.000000    0.000000           0           0           0    0.000000    0.000000    0.000000
13998.000000           0           0           0    0.000000    0.000000    0.000000           0           0           0    0.000000    0.000000    0.000000
14098.000000           0           0           0    0.000000    0.000000    0.000000           0           0           0    0.000000    0.000000    0.000000
14198.000000           0           0           0    0.000000    0.000000    0.000000           0           0           0    0.000000    0.000000    0.000000
14298.000000           0           0           0    0.000000    0.000000    0.000000           0           0           0    0.000000    0.000000    0.000000
14398.000000           0           0           0    0.000000    0.000000    0.000000           0           0           0    0.000000    0.000000    0.000000
14498.000000           0           0           0    0.000000    0.000000    0.000000           0           0           0    0.000000    0.000000    0.000000
14598.000000           0           0           0    0.000000    0.000000    0.000000           0           0           0    0.000000    0.000000    0.000000
14698.000000           0           0           0    0.000000    0.000000    0.000000           0           0           0    0.000000    0.000000    0.000000
14798.000000           0           0           0    0.000000    0.000000    0.000000           0           0           0    0.000000    0.000000    0.000000
14898.000000           0           0           0    0.000000    0.000000    0.000000           0           0           0    0.000000    0.000000    0.000000
14998.000000           0           0           0    0.000000    0.000000    0.000000           0           0           0    0.000000    0.000000    0.000000
15098.000000           0           0           0    0.000000    0.000000    0.000000           0           0           0    0.000000    0.000000    0.000000
15198.000000           0           0           0    0.000000    0.000000    0.000000           0           0           0    0.000000    0.000000    0.000000
15298.000000           0           0           0    0.000000    0.000000    0.000000           0           0           0    0.000000    0.000000    0.000000
15398.000000           0           0           0    0.000000    0.000000    0.000000           0           0           0    0.000000    0.000000    0.000000
15498.000000           0           0           0    0.000000    0.000000    0.000000           0           0           0    0.000000    0.000000    0.000000
15598.000000           0           0           0    0.000000    0.000000    0.000000           0           0           0    0.000000    0.000000    0.000000
15698.000000           0           0           0    0.000000    0.000000    0.000000           0           0           0    0.000000    0.000000    0.000000
15798.000000           0           0           0    0.000000    0.000000    0.000000           0           0           0    0.000000    0.000000    0.000000
15898.000000           0           0           0    0.000000    0.000000    0.000000           0           0           0    0.000000    0.000000    0.000000
15998.000000           0           0           0    0.000000    0.000000    0.000000           0           0           0    0.000000    0.000000    0.000000
16098.000000           0           0           0    0.000000    0.000000    0.000000           0           0           0    0.000000    0.000000    0.000000
16198.000000           0           0           0    0.000000    0.000000    0.000000           0           0           0    0.000000    0.000000    0.000000
16298.000000           0           0           0    0.000000    0.000000    0.000000           0           0           0    0.000000    0.000000    0.000000
16398.000000           0           0           0    0.000000    0.000000    0.000000           0           0           0    0.000000    0.000000    0.000000
16498.000000           0           0           0    0.000000    0.000000    0.000000           0           0           0    0.000000    0.000000    0.000000
16598.000000           0           0           0    0.000000    0.000000    0.000000           0           0           0    0.000000    0.000000    0.000000
16698.000000           0           0           0    0.000000    0.000000    0.000000           0           0           0    0.000000    0.000000    0.000000
16798.000000           0           0           0    0.000000    0.000000    0.000000           0           0           0    0.000000    0.000000    0.000000
16898.000000           0           0           0    0.000000    0.000000    0.000000           0           0           0    0.000000    0.000000    0.000000
16998.000000           0           0           0    0.000000    0.000000    0.000000           0           0           0    0.000000    0.000000    0.000000
17098.000000           0           0           0    0.000000    0.000000    0.000000           0           0           0    0.000000    0.000000    0.000000
17198.000000           0           0           0    0.000000    0.000000    0.000000           0           0           0    0.000000    0.000000    0.000000
17298.000000           0           0           0    0.000000    0.000000    0.000000           0           0           0    0.000000    0.000000    0.000000
17398.000000           0           0           0    0.000000    0.000000    0.000000           0           0           0    0.000000    0.000000    0.000000
17498.000000           0           0           0    0.000000    0.000000    0.000000           0           0           0    0.000000    0.000000    0.000000
17598.000000           0           0           0    0.000000    0.000000    0.000000           0           0           0    0.000000    0.000000    0.000000
17698.000000           0           0           0    0.000000    0.000000    0.000000           0           0           0    0.000000    0.000000    0.000000
17798.000000           0           0           0    0.000000    0.000000    0.000000           0           0           0    0.000000    0.000000    0.000000
17898.000000           0           0           0    0.000000    0.000000    0.000000           0           0           0    0.000000    0.000000    0.000000
17998.000000           0           0           0    0.000000    0.000000    0.000000           0           0           0    0.000000    0.000000    0.000000
18098.000000           0           0           0    0.000000    0.000000    0.000000           0           0           0    0.000000    0.000000    0.000000
18198.000000           0           0           0    0.000000    0.000000    0.000000           0           0           0    0.000000    0.000000    0.000000
18298.000000           0           0           0    0.000000    0.000000    0.000000           0           0           0    0.000000    0.000000    0.000000
18398.000000           0           0           0    0.000000    0.000000    0.000000           0           0           0    0.000000    0.000000    0.000000
18498.000000           0           0           0    0.000000    0.000000    0.000000           0           0           0    0.000000    0.000000    0.000000
18598.000000           0           0           0    0.000000    0.000000    0.000000           0           0           0    0.000000    0.000000    0.000000
18698.000000           0           0           0    0.000000    0.000000    0.000000           0           0           0    0.000000    0.000000    0.000000
18798.000000           0           0           0    0.000000    0.000000    0.000000           0           0           0    0.000000    0.000000    0.000000
18898.000000           0           0           0    0.000000    0.000000    0.000000           0           0           0    0.000000    0.000000    0.000000
18998.000000           0           0           0    0.000000    0.000000    0.000000           0           0           0    0.000000    0.000000    0.000000
19098.000000           0           0           0    0.000000    0.000000    0.000000           0           0           0    0.000000    0.000000    0.000000
19198.000000           0           0           0    0.000000    0.000000    0.000000           0           0           0    0.000000    0.000000    0.000000
19298.000000           0           0           0    0.000000    0.000000    0.000000           0           0           0    0.000000    0.000000    0.000000
19398.000000           0           0           0    0.000000    0.000000    0.000000           0           0           0    0.000000    0.000000    0.000000
19498.000000           0           0           0    0.000000    0.000000    0.000000           0           0           0    0.000000    0.000000    0.000000
19598.000000           0           0           0    0.000000    0.000000    0.000000           0           0           0    0.000000    0.000000    0.000000
19698.000000           0           0           0    0.000000    0.000000    0.000000           0           0           0    0.000000    0.000000    0.000000
19798.000000           0           0           0    0.000000    0.000000    0.000000           0           0           0    0.000000    0.000000    0.000000
19898.000000           0           0           0    0.000000    0.000000    0.000000           0           0           0    0.000000    0.000000    0.000000
19998.000000           0           0           0    0.000000    0.000000    0.000000           0           0           0    0.000000    0.000000    0.000000
20098.000000           0           0           0    0.000000    0.000000    0.000000           0           0           0    0.000000    0.000000    0.000000
20198.000000           0           0           0    0.000000    0.000000    0.000000           0           0           0    0.000000    0.000000    0.000000
20298.000000           0           0           0    0.000000    0.000000    0.000000           0           0           0    0.000000    0.000000    0.000000
20398.000000           0           0           0    0.000000    0.000000    0.000000           0           0           0    0.000000    0.000000    0.000000
20498.000000           0           0           0    0.000000    0.000000    0.000000           0           0           0    0.000000    0.000000    0.000000
20598.000000           0           0           0    0.000000    0.000000    0.000000           0           0           0    0.000000    0.000000    0.000000
20698.000000           0           0           0    0.000000    0.000000    0.000000           0           0           0    0.000000    0.000000    0.000000
20798.000000           0           0           0    0.000000    0.000000    0.000000           0           0           0    0.000000    0.000000    0.000000
20898.000000           0           0           0    0.000000    0.000000    0.000000           0           0           0    0.000000    0.000000    0.000000
20998.000000           0           0           0    0.000000    0.000000    0.000000           0           0           0    0.000000    0.000000    0.000000
21098.000000           0           0           0    0.000000    0.000000    0.000000           0           0           0    0.000000    0.000000    0.000000
21198.000000           0           0           0    0.000000    0.000000    0.000000           0           0           0    0.000000    0.000000    0.000000
21298.000000           0           0           0    0.000000    0.000000    0.000000           0           0           0    0.000000    0.000000    0.000000
21398.000000           0           0           0    0.000000    0.000000    0.000000           0           0           0    0.000000    0.000000    0.000000
21498.000000           0           0           0    0.000000    0.000000    0.000000           0           0           0    0.000000    0.000000    0.000000
21598.000000           0           0           0    0.000000    0.000000    0.000000           0           0           0    0.000000    0.000000    0.000000
21698.000000           0           0           0    0.000000    0.000000    0.000000           0           0           0    0.000000    0.000000    0.000000
21798.000000           0           0           0    0.000000    0.000000    0.000000           0           0           0    0.000000    0.000000    0.000000
21898.000000           0           0           0    0.000000    0.000000    0.000000           0           0           0    0.000000    0.000000    0.000000
21998.000000           0           0           0    0.000000    0.000000    0.000000           0           0           0    0.000000    0.000000    0.000000
22098.000000           0           0           0    0.000000    0.000000    0.000000           0           0           0    0.000000    0.000000    0.000000
22198.000000           0           0           0    0.000000    0.000000    0.000000           0           0           0    0.000000    0.000000    0.000000
22298.000000           0           0           0    0.000000    0.000000    0.000000           0           0           0    0.000000    0.000000    0.000000
22398.000000           0           0           0    0.000000    0.000000    0.000000           0           0           0    0.000000    0.000000    0.000000
22498.000000           0           0           0    0.000000    0.000000    0.000000           0           0           0    0.000000    0.000000    0.000000
22598.000000           0           0           0    0.000000    0.000000    0.000000           0           0           0    0.000000    0.000000    0.000000
22698.000000           0           0           0    0.000000    0.000000    0.000000           0           0           0    0.000000    0.000000    0.000000
22798.000000           0           0           0    0.000000    0.000000    0.000000           0           0           0    0.000000    0.000000    0.000000
22898.000000           0           0           0    0.000000    0.000000    0.000000           0           0           0    0.000000    0.000000    0.000000
22998.000000           0           0           0    0.000000    0.000000    0.000000           0           0           0    0.000000    0.000000    0.000000
23098.000000           0           0           0    0.000000    0.000000    0.000000           0           0           0    0.000000    0.000000    0.000000
23198.000000           0           0           0    0.000000    0.000000    0.000000           0           0           0    0.000000    0.000000    0.000000
23298.000000           0           0           0    0.000000    0.000000    0.000000           0           0           0    0.000000    0.000000    0.000000
23398.000000           0           0           0    0.000000    0.000000    0.000000           0           0           0    0.000000    0.000000    0.000000
23498.000000           0           0           0    0.000000    0.000000    0.000000           0           0           0    0.000000    0.000000    0.000000
23598.000000           0           0           0    0.000000    0.000000    0.000000           0           0           0    0.000000    0.000000    0.000000
23698.000000           0           0           0    0.000000    0.000000    0.000000           0           0           0    0.000000    0.000000    0.000000
23798.000000           0           0           0    0.000000    0.000000    0.000000           0           0           0    0.000000    0.000000    0.000000
23898.000000           0           0           0    0.000000    0.000000    0.000000           0           0           0    0.000000    0.000000    0.000000
23998.000000           0           0           0    0.000000    0.000000    0.000000           0           0           0    0.000000    0.000000    0.000000
24098.000000           0           0           0    0.000000    0.000000    0.000000           0           0           0    0.000000    0.000000    0.000000
24198.000000           0           0           0    0.000000    0.000000    0.000000           0           0           0    0.000000    0.000000    0.000000
24298.000000           0           0           0    0.000000    0.000000    0.000000           0           0           0    0.000000    0.000000    0.000000
24398.000000           0           0           0    0.000000    0.000000    0.000000           0           0           0    0.000000    0.000000    0.000000
24498.000000           0           0           0    0.000000    0.000000    0.000000           0           0           0    0.000000    0.000000    0.000000
24598.000000           0           0           0    0.000000    0.000000    0.000000           0           0           0    0.000000    0.000000    0.000000
24698.000000           0           0           0    0.000000    0.000000    0.000000           0           0           0    0.000000    0.000000    0.000000
24798.000000           0           0           0    0.000000    0.000000    0.000000           0           0           0    0.000000    0.000000    0.000000
24898.000000           0           0           0    0.000000    0.000000    0.000000           0           0           0    0.000000    0.000000    0.000000
24998.000000           0           0           0    0.000000    0.000000    0.000000           0           0           0    0.000000    0.000000    0.000000
25000.000000           0           0           0    0.000000    0.000000    0.000000           0           0           0    0.000000    0.000000    0.000000
# output generated by hbond_network -f /oasis/scratch/comet/scychon/temp_project/CcO/gromacs_new/pm_popc/xtal_solvate/MDRun/pmp_popc_37ns.xtc
25097.000000           0           0           0    0.000000    0.000000    0.000000           0           0           0    0.000000    0.000000    0.000000
25197.000000           0           0           0    0.000000    0.000000    0.000000           0           0           0    0.000000    0.000000    0.000000
25297.000000           0           0           0    0.000000    0.000000    0.000000           0           0           0    0.000000    0.000000    0.000000
25397.000000           0           0           0    0.000000    0.000000    0.000000           0           0           0    0.000000    0.000000    0.000000
25497.000000           0           0           0    0.000000    0.000000    0.000000           0           0           0    0.000000    0.000000    0.000000
25597.000000           0           0           0    0.000000    0.000000    0.000000           0           0           0    0.000000    0.000000    0.000000
25697.000000           0           0           0    0.000000    0.000000    0.000000           0           0           0    0.000000    0.000000    0.000000
25797.000000           0           0           0    0.000000    0.000000    0.000000           0           0           0    0.000000    0.000000    0.000000
25897.000000           0           0           0    0.000000    0.000000    0.000000           0           0           0    0.000000    0.000000    0.000000
25997.000000           0           0           0    0.000000    0.000000    0.000000           0           0           0    0.000000    0.000000    0.000000
26097.000000           0           0           0    0.000000    0.000000    0.000000           0           0           0    0.000000    0.000000    0.000000
26197.000000           0           0           0    0.000000    0.000000    0.000000           0           0           0    0.000000    0.000000    0.000000
26297.000000           0           0           0    0.000000    0.000000    0.000000           0           0           0    0.000000    0.000000    0.000000
26397.000000           0           0           0    0.000000    0.000000    0.000000           0           0           0    0.000000    0.000000    0.000000
26497.000000           0           0           0    0.000000    0.000000    0.000000           0           0           0    0.000000    0.000000    0.000000
26597.000000           0           0           0    0.000000    0.000000    0.000000           0           0           0    0.000000    0.000000    0.000000
26697.000000           0           0           0    0.000000    0.000000    0.000000           0           0           0    0.000000    0.000000    0.000000
26797.000000           0           0           0    0.000000    0.000000    0.000000           0           0           0    0.000000    0.000000    0.000000
26897.000000           0           0           0    0.000000    0.000000    0.000000           0           0           0    0.000000    0.000000    0.000000
26997.000000           0           0           0    0.000000    0.000000    0.000000           0           0           0    0.000000    0.000000    0.000000
27097.000000           0           0           0    0.000000    0.000000    0.000000           0           0           0    0.000000    0.000000    0.000000
27197.000000           0           0           0    0.000000    0.000000    0.000000           0           0           0    0.000000    0.000000    0.000000
27297.000000           0           0           0    0.000000    0.000000    0.000000           0           0           0    0.000000    0.000000    0.000000
27397.000000           0           0           0    0.000000    0.000000    0.000000           0           0           0    0.000000    0.000000    0.000000
27497.000000           0           0           0    0.000000    0.000000    0.000000           0           0           0    0.000000    0.000000    0.000000
27597.000000           0           0           0    0.000000    0.000000    0.000000           0           0           0    0.000000    0.000000    0.000000
27697.000000           0           0           0    0.000000    0.000000    0.000000           0           0           0    0.000000    0.000000    0.000000
27797.000000           0           0           0    0.000000    0.000000    0.000000           0           0           0    0.000000    0.000000    0.000000
27897.000000           0           0           0    0.000000    0.000000    0.000000           0           0           0    0.000000    0.000000    0.000000
27997.000000           0           0           0    0.000000    0.000000    0.000000           0           0           0    0.000000    0.000000    0.000000
28097.000000           0           0           0    0.000000    0.000000    0.000000           0           0           0    0.000000    0.000000    0.000000
28197.000000           0           0           0    0.000000    0.000000    0.000000           0           0           0    0.000000    0.000000    0.000000
28297.000000           0           0           0    0.000000    0.000000    0.000000           0           0           0    0.000000    0.000000    0.000000
28397.000000           0           0           0    0.000000    0.000000    0.000000           0           0           0    0.000000    0.000000    0.000000
28497.000000           0           0           0    0.000000    0.000000    0.000000           0           0           0    0.000000    0.000000    0.000000
28597.000000           0           0           0    0.000000    0.000000    0.000000           0           0           0    0.000000    0.000000    0.000000
28697.000000           0           0           0    0.000000    0.000000    0.000000           0           0           0    0.000000    0.000000    0.000000
28797.000000           0           0           0    0.000000    0.000000    0.000000           0           0           0    0.000000    0.000000    0.000000
28897.000000           0           0           0    0.000000    0.000000    0.000000           0           0           0    0.000000    0.000000    0.000000
28997.000000           0           0           0    0.000000    0.000000    0.000000           0           0           0    0.000000    0.000000    0.000000
29097.000000           0           0           0    0.000000    0.000000    0.000000           0           0           0    0.000000    0.000000    0.000000
29197.000000           0           0           0    0.000000    0.000000    0.000000           0           0           0    0.000000    0.000000    0.000000
29297.000000           0           0           0    0.000000    0.000000    0.000000           0           0           0    0.000000    0.000000    0.000000
29397.000000           0           0           0    0.000000    0.000000    0.000000           0           0           0    0.000000    0.000000    0.000000
29497.000000           0           0           0    0.000000    0.000000    0.000000           0           0           0    0.000000    0.000000    0.000000
29597.000000           0           0           0    0.000000    0.000000    0.000000           0           0           0    0.000000    0.000000    0.000000
29697.000000           0           0           0    0.000000    0.000000    0.000000           0           0           0    0.000000    0.000000    0.000000
29797.000000           0           0           0    0.000000    0.000000    0.000000           0           0           0    0.000000    0.000000    0.000000
29897.000000           0           0           0    0.000000    0.000000    0.000000           0           0           0    0.000000    0.000000    0.000000
29997.000000           0           0           0    0.000000    0.000000    0.000000           0           0           0    0.000000    0.000000    0.000000
30097.000000           0           0           0    0.000000    0.000000    0.000000           0           0           0    0.000000    0.000000    0.000000
30197.000000           0           0           0    0.000000    0.000000    0.000000           0           0           0    0.000000    0.000000    0.000000
30297.000000           0           0           0    0.000000    0.000000    0.000000           0           0           0    0.000000    0.000000    0.000000
30397.000000           0           0           0    0.000000    0.000000    0.000000           0           0           0    0.000000    0.000000    0.000000
30497.000000           0           0           0    0.000000    0.000000    0.000000           0           0           0    0.000000    0.000000    0.000000
30597.000000           0           0           0    0.000000    0.000000    0.000000           0           0           0    0.000000    0.000000    0.000000
30697.000000           0           0           0    0.000000    0.000000    0.000000           0           0           0    0.000000    0.000000    0.000000
30797.000000           0           0           0    0.000000    0.000000    0.000000           0           0           0    0.000000    0.000000    0.000000
30897.000000           0           0           0    0.000000    0.000000    0.000000           0           0           0    0.000000    0.000000    0.000000
30997.000000           0           0           0    0.000000    0.000000    0.000000           0           0           0    0.000000    0.000000    0.000000
31097.000000           0           0           0    0.000000    0.000000    0.000000           0           0           0    0.000000    0.000000    0.000000
31197.000000           0           0           0    0.000000    0.000000    0.000000           0           0           0    0.000000    0.000000    0.000000
31297.000000           0           0           0    0.000000    0.000000    0.000000           0           0           0    0.000000    0.000000    0.000000
31397.000000           0           0           0    0.000000    0.000000    0.000000           0           0           0    0.000000    0.000000    0.000000
31497.000000           0           0           0    0.000000    0.000000    0.000000           0           0           0    0.000000    0.000000    0.000000
31597.000000           0           0           0    0.000000    0.000000    0.000000           0           0           0    0.000000    0.000000    0.000000
31697.000000           0           0           0    0.000000    0.000000    0.000000           0           0           0    0.000000    0.000000    0.000000
31797.000000           0           0           0    0.000000    0.000000    0.000000           0           0           0    0.000000    0.000000    0.000000
31897.000000           0           0           0    0.000000    0.000000    0.000000           0           0           0    0.000000    0.000000    0.000000
31997.000000           0           0           0    0.000000    0.000000    0.000000           0           0           0    0.000000    0.000000    0.000000
32097.000000           0           0           0    0.000000    0.000000    0.000000           0           0           0    0.000000    0.000000    0.000000
32197.000000           0           0           0    0.000000    0.000000    0.000000           0           0           0    0.000000    0.000000    0.000000
32297.000000           0           0           0    0.000000    0.000000    0.000000           0           0           0    0.000000    0.000000    0.000000
32397.000000           0           0           0    0.000000    0.000000    0.000000           0           0           0    0.000000    0.000000    0.000000
32497.000000           0           0           0    0.000000    0.000000    0.000000           0           0           0    0.000000    0.000000    0.000000
32597.000000           0           0           0    0.000000    0.000000    0.000000           0           0           0    0.000000    0.000000    0.000000
32697.000000           0           0           0    0.000000    0.000000    0.000000           0           0           0    0.000000    0.000000    0.000000
32797.000000           0           0           0    0.000000    0.000000    0.000000           0           0           0    0.000000    0.000000    0.000000
32897.000000           0           0           0    0.000000    0.000000    0.000000           0           0           0    0.000000    0.000000    0.000000
32997.000000           0           0           0    0.000000    0.000000    0.000000           0           0           0    0.000000    0.000000    0.000000
33097.000000           0           0           0    0.000000    0.000000    0.000000           0           0           0    0.000000    0.000000    0.000000
33197.000000           0           0           0    0.000000    0.000000    0.000000           0           0           0    0.000000    0.000000    0.000000
33297.000000           0           0           0    0.000000    0.000000    0.000000           0           0           0    0.000000    0.000000    0.000000
33397.000000           0           0           0    0.000000    0.000000    0.000000           0           0           0    0.000000    0.000000    0.000000
33497.000000           0           0           0    0.000000    0.000000    0.000000           0           0           0    0.000000    0.000000    0.000000
33597.000000           0           0           0    0.000000    0.000000    0.000000           0           0           0    0.000000    0.000000    0.000000
33697.000000           0           0           0    0.000000    0.000000    0.000000           0           0           0    0.000000    0.000000    0.000000
33797.000000           0           0           0    0.000000    0.000000    0.000000           0           0           0    0.000000    0.000000    0.000000
33897.000000           0           0           0    0.000000    0.000000    0.000000           0           0           0    0.000000    0.000000    0.000000
33997.000000           0           0           0    0.000000    0.000000    0.000000           0           0           0    0.000000    0.000000    0.000000
34097.000000           0           0           0    0.000000    0.000000    0.000000           0           0           0    0.000000    0.000000    0.000000
34197.000000           0           0           0    0.000000    0.000000    0.000000           0           0           0    0.000000    0.000000    0.000000
34297.000000           0           0           0    0.000000    0.000000    0.000000           0           0           0    0.000000    0.000000    0.000000
34397.000000           0           0           0    0.000000    0.000000    0.000000           0           0           0    0.000000    0.000000    0.000000
34497.000000           0           0           0    0.000000    0.000000    0.000000           0           0           0    0.000000    0.000000    0.000000
34597.000000           0           0           0    0.000000    0.000000    0.000000           0           0           0    0.000000    0.000000    0.000000
34697.000000           0           0           0    0.000000    0.000000    0.000000           0           0           0    0.000000    0.000000    0.000000
34797.000000           0           0           0    0.000000    0.000000    0.000000           0           0           0    0.000000    0.000000    0.000000
34897.000000           0           0           0    0.000000    0.000000    0.000000           0           0           0    0.000000    0.000000    0.000000
34997.000000           0           0           0    0.000000    0.000000    0.000000           0           0           0    0.000000    0.000000    0.000000
35097.000000           0           0           0    0.000000    0.000000    0.000000           0           0           0    0.000000    0.000000    0.000000
35197.000000           0           0           0    0.000000    0.000000    0.000000           0           0           0    0.000000    0.000000    0.000000
35297.000000           0           0           0    0.000000    0.000000    0.000000           0           0           0    0.000000    0.000000    0.000000
35397.000000           0           0           0    0.000000    0.000000    0.000000           0           0           0    0.000000    0.000000    0.000000
35497.000000           0           0           0    0.000000    0.000000    0.000000           0           0           0    0.000000    0.000000    0.000000
35597.000000           0           0           0    0.000000    0.000000    0.000000           0           0           0    0.000000    0.000000    0.000000
35697.000000           0           0           0    0.000000    0.000000    0.000000           0           0           0    0.000000    0.000000    0.000000
35797.000000           0           0           0    0.000000    0.000000    0.000000           0           0           0    0.000000    0.000000    0.000000
35897.000000           0           0           0    0.000000    0.000000    0.000000           0           0           0    0.000000    0.000000    0.000000
35997.000000           0           0           0    0.000000    0.000000    0.000000           0           0           0    0.000000    0.000000    0.000000
36097.000000           0           0           0    0.000000    0.000000    0.000000           0           0           0    0.000000    0.000000    0.000000
36197.000000           0           0           0    0.000000    0.000000    0.000000           0           0           0    0.000000    0.000000    0.000000
36297.000000           0           0           0    0.000000    0.000000    0.000000           0           0           0    0.000000    0.000000    0.000000
36397.000000           0           0           0    0.000000    0.000000    0.000000           0           0           0    0.000000    0.000000    0.000000
36497.000000           0           0           0    0.000000    0.000000    0.000000           0           0           0    0.000000    0.000000    0.000000
36597.000000           0           0           0    0.000000    0.000000    0.000000           0           0           0    0.000000    0.000000    0.000000
36697.000000           0           0           0    0.000000    0.000000    0.000000           0           0           0    0.000000    0.000000    0.000000
36797.000000           0           0           0    0.000000    0.000000    0.000000           0           0           0    0.000000    0.000000    0.000000
36897.000000           0           0           0    0.000000    0.000000    0.000000           0           0           0    0.000000    0.000000    0.000000
36997.000000           0           0           0    0.000000    0.000000    0.000000           0           0           0    0.000000    0.000000    0.000000
37097.000000           0           0           0    0.000000    0.000000    0.000000           0           0           0    0.000000    0.000000    0.000000
37197.000000           0           0           0    0.000000    0.000000    0.000000           0           0           0    0.000000    0.000000    0.000000
37297.000000           0           0           0    0.000000    0.000000    0.000000           0           0           0    0.000000    0.000000    0.000000
37397.000000           0           0           0    0.000000    0.000000    0.000000           0           0           0    0.000000    0.000000    0.000000
37456.000000           0           0           0    0.000000    0.000000    0.000000           0           0           0    0.000000    0.000000    0.000000
# output generated by hbond_network -f /oasis/scratch/comet/scychon/temp_project/CcO/gromacs_new/pm_popc/xtal_solvate/MDRun/pmp_popc_50ns.xtc
