     1     1     1     1   0.35107   6.81643   2.39301  10.00000   7.00000   0.00000  16.00000
     2     1     1     2   1.34580   0.62639   0.84300   1.00000   0.00000   0.00000   7.00000
     3     1     1     3 225.84065   0.00002   0.00443   0.00000   0.00000   0.00000   1.00000
     4     1     1     5  51.80225   0.00037   0.01930   0.00000   0.00000   0.00000   1.00000
     5     1     1     6   0.79825   1.39676   1.11497   1.00000   0.00000   0.00000   7.00000
     6     1     1     7   0.34892   6.43358   2.24480   9.00000   6.00000   0.00000  15.00000
     7     1     1     8   0.20871   9.28242   1.93730  11.00000   9.00000   1.00000  16.00000
     8     1     1     9   0.23623   7.73140   1.82639   4.00000  10.00000   0.00000  15.00000
     9     1     2     1   0.25334   8.22204   2.08299   3.00000   8.00000   0.00000  16.00000
    10     1     2     2   0.89056   1.29040   1.14919   0.00000   0.00000   0.00000   8.00000
    11     1     2     3  29.38523   0.00116   0.03399   0.00000   0.00000   0.00000   1.00000
    12     1     2     6   1.54847   0.40367   0.62506   0.00000   0.00000   0.00000   4.00000
    13     1     2     7   0.28727   5.18849   1.49052   6.00000   5.00000   0.00000  11.00000
    14     1     2     8   0.31042   5.97745   1.85552   5.00000   8.00000   0.00000  13.00000
    15     1     2     9   0.40696   4.80767   1.95655   3.00000   7.00000   0.00000  12.00000
    16     1     3     1   0.22161   7.58563   1.68109   7.00000   8.00000   2.00000  15.00000
    17     1     3     2   0.90694   1.15795   1.05019   1.00000   0.00000   0.00000   7.00000
    18     1     3     3  23.78492   0.00176   0.04197   0.00000   0.00000   0.00000   1.00000
    19     1     3     4  31.30280   0.00102   0.03191   0.00000   0.00000   0.00000   1.00000
    20     1     3     5  79.84125   0.00016   0.01252   0.00000   0.00000   0.00000   1.00000
    21     1     3     6   3.62766   0.07729   0.28037   0.00000   0.00000   0.00000   3.00000
    22     1     3     7   0.29769   2.51115   0.74755   2.00000   3.00000   0.00000   6.00000
    23     1     3     8   0.26227   5.29348   1.38830   4.00000   5.00000   0.00000  11.00000
    24     1     3     9   0.44508   5.22410   2.32513   6.00000   6.00000   0.00000  14.00000
    25     1     4     1   0.90138   1.99596   1.79911   0.00000   4.00000   0.00000  11.00000
    26     1     4     2   6.11606   0.02968   0.18155   0.00000   0.00000   0.00000   3.00000
    27     1     4     3  11.60395   0.00737   0.08554   0.00000   0.00000   0.00000   1.00000
    28     1     4     4   2.59317   0.12946   0.33571   1.00000   0.00000   0.00000   1.00000
    29     1     4     5   3.82885   0.06386   0.24450   0.00000   0.00000   0.00000   1.00000
    30     1     4     6   7.94109   0.01643   0.13047   0.00000   0.00000   0.00000   2.00000
    31     1     4     7   0.27224   3.79049   1.03192   3.00000   4.00000   0.00000   8.00000
    32     1     4     8   0.29747   4.91613   1.46239   5.00000   3.00000   0.00000  11.00000
    33     1     4     9   0.59656   2.76808   1.65133   1.00000   3.00000   0.00000  11.00000
    34     1     5     1   0.43966   2.35532   1.03555   1.00000   2.00000   0.00000   8.00000
    35     1     5     2 112.91702   0.00008   0.00886   0.00000   0.00000   0.00000   1.00000
    36     1     5     3  40.55025   0.00061   0.02465   0.00000   0.00000   0.00000   1.00000
    37     1     5     4   2.41810   0.14604   0.35315   0.00000   0.00000   0.00000   1.00000
    38     1     5     5   8.14726   0.01484   0.12092   0.00000   0.00000   0.00000   1.00000
    39     1     5     6   0.88295   0.82835   0.73139   1.00000   1.00000   0.00000   5.00000
    40     1     5     7   0.34875   5.12969   1.78898  10.00000   4.00000   0.00000  12.00000
    41     1     5     8   0.32685   6.56234   2.14487   7.00000   5.00000   0.00000  15.00000
    42     1     5     9   0.42560   4.11505   1.75136   3.00000   3.00000   0.00000  13.00000
    43     1     6     1   0.42886   3.53926   1.51784   4.00000   1.00000   0.00000  10.00000
    44     1     6     2   0.83749   0.87346   0.73151   0.00000   1.00000   0.00000   4.00000
    45     1     6     5  11.31930   0.00774   0.08766   0.00000   0.00000   0.00000   1.00000
    46     1     6     6   0.69655   2.43059   1.69303   2.00000   2.00000   0.00000   9.00000
    47     1     6     7   0.27273   7.14083   1.94754   9.00000   6.00000   0.00000  16.00000
    48     1     6     8   0.16460  10.13309   1.66795  11.00000  11.00000   4.00000  17.00000
    49     1     6     9   0.21684   9.00814   1.95329  10.00000   9.00000   1.00000  17.00000
    50     2     1     1   0.37462   5.65803   2.11959   9.00000   4.00000   0.00000  14.00000
    51     2     1     2   2.82871   0.12812   0.36243   1.00000   0.00000   0.00000   4.00000
    52     2     1     5 130.38660   0.00006   0.00767   0.00000   0.00000   0.00000   1.00000
    53     2     1     6   1.13054   0.79098   0.89424   0.00000   3.00000   0.00000   4.00000
    54     2     1     7   0.64729   2.23884   1.44918   3.00000   0.00000   0.00000   8.00000
    55     2     1     8   0.31925   5.71789   1.82543   4.00000   6.00000   0.00000  14.00000
    56     2     1     9   1.03829   1.02272   1.06188   1.00000   1.00000   0.00000   8.00000
    57     2     2     1   0.30133   6.37096   1.91977   9.00000   3.00000   0.00000  13.00000
    58     2     2     2   3.22241   0.11040   0.35576   0.00000   0.00000   0.00000   4.00000
    59     2     2     5   2.87493   0.10793   0.31029   0.00000   0.00000   0.00000   1.00000
    60     2     2     6   6.49523   0.02315   0.15039   1.00000   0.00000   0.00000   1.00000
    61     2     2     7   1.13638   0.50123   0.56958   0.00000   1.00000   0.00000   3.00000
    62     2     2     8   0.23038   5.22180   1.20302   5.00000   7.00000   2.00000  11.00000
    63     2     2     9   8.80431   0.01337   0.11772   0.00000   0.00000   0.00000   2.00000
    64     2     3     1   0.35890   2.96708   1.06488   3.00000   3.00000   0.00000   8.00000
    65     2     3     2   4.88553   0.04021   0.19646   0.00000   0.00000   0.00000   1.00000
    66     2     3     4  31.92335   0.00098   0.03129   0.00000   0.00000   0.00000   1.00000
    67     2     3     5   1.94451   0.20916   0.40671   0.00000   1.00000   0.00000   1.00000
    68     2     3     6   3.76864   0.06578   0.24789   0.00000   0.00000   0.00000   1.00000
    69     2     3     7   3.84598   0.07335   0.28209   0.00000   0.00000   0.00000   4.00000
    70     2     3     8   0.91682   0.94450   0.86594   0.00000   1.00000   0.00000   5.00000
    71     2     3     9   2.74123   0.27538   0.75489   0.00000   0.00000   0.00000   7.00000
    72     2     4     1   0.74411   1.48295   1.10347   0.00000   1.00000   0.00000   6.00000
    73     2     4     3 100.99505   0.00010   0.00990   0.00000   0.00000   0.00000   1.00000
    74     2     4     4   3.01001   0.09940   0.29920   0.00000   0.00000   0.00000   1.00000
    75     2     4     5   0.89465   0.56095   0.50185   1.00000   0.00000   0.00000   2.00000
    76     2     4     6  65.18755   0.00024   0.01534   0.00000   0.00000   0.00000   1.00000
    77     2     4     7   1.46849   0.50315   0.73887   0.00000   0.00000   0.00000   5.00000
    78     2     4     8   0.52792   1.78402   0.94182   1.00000   2.00000   0.00000   6.00000
    79     2     4     9  18.32829   0.00312   0.05714   0.00000   0.00000   0.00000   2.00000
    80     2     5     1   0.51139   2.12969   1.08910   0.00000   2.00000   0.00000   7.00000
    81     2     5     2  85.35472   0.00014   0.01171   0.00000   0.00000   0.00000   1.00000
    82     2     5     3  15.29856   0.00425   0.06509   0.00000   0.00000   0.00000   1.00000
    83     2     5     4   0.98643   0.50683   0.49995   0.00000   1.00000   0.00000   1.00000
    84     2     5     5   3.74842   0.06801   0.25494   0.00000   0.00000   0.00000   2.00000
    85     2     5     6   0.18615   2.18688   0.40709   2.00000   3.00000   1.00000   5.00000
    86     2     5     7   0.43918   1.98600   0.87221   0.00000   2.00000   0.00000   5.00000
    87     2     5     8   0.95449   1.00110   0.95553   0.00000   2.00000   0.00000   7.00000
    88     2     5     9   1.62095   0.39480   0.63996   0.00000   0.00000   0.00000   4.00000
    89     2     6     1   0.39933   3.77167   1.50614   3.00000   7.00000   0.00000  11.00000
    90     2     6     2   1.92094   0.23243   0.44648   0.00000   0.00000   0.00000   2.00000
    91     2     6     3  71.41078   0.00020   0.01400   0.00000   0.00000   0.00000   1.00000
    92     2     6     4  36.62290   0.00075   0.02728   0.00000   0.00000   0.00000   1.00000
    93     2     6     6   4.75596   0.04345   0.20663   0.00000   0.00000   0.00000   2.00000
    94     2     6     7   2.03418   0.29485   0.59979   0.00000   0.00000   0.00000   5.00000
    95     2     6     8   0.49481   2.73330   1.35246   3.00000   3.00000   0.00000  11.00000
    96     2     6     9   0.60561   3.44049   2.08361   0.00000   4.00000   0.00000  11.00000
    97     3     1     1   1.80455   0.38702   0.69840   0.00000   0.00000   0.00000   6.00000
    98     3     1     2   6.49341   0.02615   0.16983   0.00000   0.00000   0.00000   3.00000
    99     3     1     5  19.34003   0.00267   0.05157   0.00000   0.00000   0.00000   1.00000
   100     3     1     6  13.08871   0.00580   0.07596   0.00000   0.00000   0.00000   1.00000
   101     3     1     7   1.97411   0.22321   0.44065   0.00000   0.00000   0.00000   3.00000
   102     3     1     8   0.41086   2.91262   1.19666   5.00000   4.00000   0.00000   8.00000
   103     3     1     9   0.37806   3.67425   1.38907   5.00000   2.00000   0.00000  10.00000
   104     3     2     1   0.67893   1.23031   0.83530   0.00000   1.00000   0.00000   6.00000
   105     3     2     2   6.92618   0.02161   0.14965   0.00000   0.00000   0.00000   2.00000
   106     3     2     5   2.13521   0.17988   0.38409   0.00000   0.00000   0.00000   1.00000
   107     3     2     6   0.52360   0.94702   0.49586   1.00000   1.00000   0.00000   2.00000
   108     3     2     7   1.39289   0.37183   0.51791   0.00000   0.00000   0.00000   3.00000
   109     3     2     8   0.80073   0.93748   0.75067   0.00000   1.00000   0.00000   4.00000
   110     3     2     9   0.71719   0.99098   0.71072   0.00000   1.00000   0.00000   4.00000
   111     3     3     1   1.27852   0.52954   0.67702   0.00000   0.00000   0.00000   5.00000
   112     3     3     5   3.23926   0.08701   0.28185   0.00000   0.00000   0.00000   1.00000
   113     3     3     6   1.68144   0.32167   0.54087   0.00000   0.00000   0.00000   2.00000
   114     3     3     7   1.59277   0.37524   0.59767   0.00000   0.00000   0.00000   3.00000
   115     3     3     8   0.43611   1.33654   0.58287   0.00000   1.00000   0.00000   5.00000
   116     3     3     9   1.38934   0.46605   0.64750   0.00000   0.00000   0.00000   4.00000
   117     3     4     1   0.30342   4.49615   1.36421   3.00000   5.00000   0.00000  11.00000
   118     3     4     2   9.30792   0.01141   0.10621   0.00000   0.00000   0.00000   1.00000
   119     3     4     5   1.22374   0.40039   0.48998   0.00000   1.00000   0.00000   1.00000
   120     3     4     7   0.35304   2.34146   0.82664   1.00000   2.00000   0.00000   6.00000
   121     3     4     8   0.97033   0.81663   0.79240   0.00000   1.00000   0.00000   4.00000
   122     3     4     9   4.96850   0.04007   0.19911   0.00000   0.00000   0.00000   2.00000
   123     3     5     1   0.52454   2.52495   1.32444   4.00000   3.00000   0.00000   9.00000
   124     3     5     2  15.19345   0.00431   0.06553   0.00000   0.00000   0.00000   1.00000
   125     3     5     4  31.60851   0.00100   0.03161   0.00000   0.00000   0.00000   1.00000
   126     3     5     6  43.45197   0.00053   0.02300   0.00000   0.00000   0.00000   1.00000
   127     3     5     7   2.18087   0.22711   0.49531   0.00000   0.00000   0.00000   3.00000
   128     3     5     8   3.65295   0.07805   0.28512   0.00000   0.00000   0.00000   4.00000
   129     3     5     9   2.67329   0.12275   0.32815   0.00000   0.00000   0.00000   1.00000
   130     3     6     1   0.25135   7.47940   1.87998   6.00000   8.00000   0.00000  15.00000
   131     3     6     2   0.52250   2.49826   1.30535   3.00000   1.00000   0.00000   8.00000
   132     3     6     3   1.96685   0.22164   0.43594   1.00000   0.00000   0.00000   3.00000
   133     3     6     4  11.21954   0.00788   0.08843   0.00000   0.00000   0.00000   1.00000
   134     3     6     5 130.38660   0.00006   0.00767   0.00000   0.00000   0.00000   1.00000
   135     3     6     6 159.69188   0.00004   0.00626   0.00000   0.00000   0.00000   1.00000
   136     3     6     7   1.65035   0.28597   0.47195   1.00000   1.00000   0.00000   3.00000
   137     3     6     8   0.74665   1.29179   0.96452   0.00000   1.00000   0.00000   8.00000
   138     3     6     9   0.56187   1.13661   0.63863   1.00000   1.00000   0.00000   6.00000
   139     4     1     1   0.57675   4.00031   2.30718   3.00000  10.00000   0.00000  14.00000
   140     4     1     2   1.55142   0.84888   1.31697   2.00000   2.00000   0.00000   8.00000
   141     4     1     3  35.25655   0.00080   0.02834   0.00000   0.00000   0.00000   1.00000
   142     4     1     5  30.16295   0.00110   0.03312   0.00000   0.00000   0.00000   1.00000
   143     4     1     6   9.45066   0.01286   0.12155   0.00000   0.00000   0.00000   3.00000
   144     4     1     7   1.19617   0.74455   0.89061   0.00000   1.00000   0.00000   6.00000
   145     4     1     8   0.32448   4.57039   1.48301   5.00000   6.00000   0.00000  11.00000
   146     4     1     9   0.60363   2.49787   1.50779   2.00000   3.00000   0.00000  12.00000
   147     4     2     1   1.38522   0.53060   0.73499   0.00000   0.00000   0.00000   4.00000
   148     4     2     2   5.55571   0.03600   0.19999   0.00000   0.00000   0.00000   3.00000
   149     4     2     3 225.84065   0.00002   0.00443   0.00000   0.00000   0.00000   1.00000
   150     4     2     6   7.70452   0.01665   0.12824   0.00000   0.00000   0.00000   2.00000
   151     4     2     7   0.27780   4.01149   1.11437   2.00000   5.00000   0.00000   8.00000
   152     4     2     8   0.66470   1.68460   1.11976   1.00000   2.00000   0.00000   7.00000
   153     4     2     9   0.47437   1.82141   0.86401   2.00000   3.00000   0.00000   7.00000
   154     4     3     1   0.46116   1.38959   0.64082   1.00000   1.00000   0.00000   5.00000
   155     4     3     2  17.97523   0.00323   0.05815   0.00000   0.00000   0.00000   2.00000
   156     4     3     5   0.83934   0.58669   0.49243   0.00000   1.00000   0.00000   1.00000
   157     4     3     6   0.20228   1.04651   0.21169   1.00000   1.00000   1.00000   3.00000
   158     4     3     7   0.35775   1.44760   0.51787   2.00000   1.00000   0.00000   4.00000
   159     4     3     8   0.33919   0.90154   0.30580   1.00000   1.00000   0.00000   3.00000
   160     4     3     9   0.28149   2.62680   0.73943   1.00000   4.00000   0.00000   5.00000
   161     4     4     1   0.25459   6.89142   1.75451   2.00000   5.00000   1.00000  15.00000
   162     4     4     2   2.75123   0.13867   0.38152   1.00000   0.00000   0.00000   3.00000
   163     4     4     3  21.41272   0.00218   0.04660   0.00000   0.00000   0.00000   1.00000
   164     4     4     6   0.37251   1.63939   0.61070   2.00000   2.00000   0.00000   4.00000
   165     4     4     7   1.57153   0.29938   0.47049   0.00000   0.00000   0.00000   3.00000
   166     4     4     8 225.84065   0.00002   0.00443   0.00000   0.00000   0.00000   1.00000
   167     4     4     9   1.59995   0.30436   0.48697   0.00000   0.00000   0.00000   2.00000
   168     4     5     1   0.20256   8.65286   1.75270   8.00000   9.00000   2.00000  16.00000
   169     4     5     2   0.56667   1.24670   0.70647   1.00000   2.00000   0.00000   4.00000
   170     4     5     3   2.16828   0.17539   0.38030   0.00000   0.00000   0.00000   1.00000
   171     4     5     4   0.00000   1.00000   0.00000   1.00000   1.00000   1.00000   1.00000
   172     4     5     6   1.23203   0.41296   0.50878   1.00000   0.00000   0.00000   2.00000
   173     4     5     7   1.18639   0.44872   0.53236   1.00000   0.00000   0.00000   3.00000
   174     4     5     8   0.54534   1.54259   0.84123   2.00000   2.00000   0.00000   6.00000
   175     4     6     1   0.15990   9.82723   1.57140  10.00000   9.00000   3.00000  16.00000
   176     4     6     2   0.66221   1.84174   1.21962   1.00000   1.00000   0.00000   7.00000
   177     4     6     3   2.51166   0.15100   0.37927   0.00000   0.00000   0.00000   3.00000
   178     4     6     7   2.39794   0.18398   0.44118   0.00000   0.00000   0.00000   4.00000
   179     4     6     8   0.35622   2.69670   0.96063   3.00000   3.00000   0.00000   7.00000
   180     4     6     9   3.61021   0.11091   0.40041   0.00000   0.00000   0.00000   5.00000
   181     5     1     1   0.26659   7.28511   1.94212  11.00000   4.00000   1.00000  15.00000
   182     5     1     2   1.55694   0.58077   0.90422   1.00000   0.00000   0.00000   7.00000
   183     5     1     3  79.84125   0.00016   0.01252   0.00000   0.00000   0.00000   1.00000
   184     5     1     5  28.21264   0.00125   0.03540   0.00000   0.00000   0.00000   1.00000
   185     5     1     6   0.91825   0.90481   0.83084   1.00000   0.00000   0.00000   7.00000
   186     5     1     7   0.58854   1.82325   1.07306   0.00000   4.00000   0.00000   7.00000
   187     5     1     8   0.24020   8.17481   1.96360   8.00000  10.00000   0.00000  15.00000
   188     5     1     9   0.24905   8.50007   2.11690   9.00000   6.00000   1.00000  16.00000
   189     5     2     1   0.59518   2.47384   1.47238   2.00000   3.00000   0.00000   8.00000
   190     5     2     2  14.27678   0.00492   0.07026   1.00000   0.00000   0.00000   2.00000
   191     5     2     4  30.16295   0.00110   0.03312   0.00000   0.00000   0.00000   1.00000
   192     5     2     5  12.28009   0.00659   0.08090   0.00000   0.00000   0.00000   1.00000
   193     5     2     6   0.61748   1.70373   1.05203   1.00000   2.00000   0.00000   5.00000
   194     5     2     7   0.34149   4.44731   1.51869   1.00000   4.00000   0.00000   9.00000
   195     5     2     8   0.44270   2.62302   1.16121   1.00000   2.00000   0.00000   7.00000
   196     5     2     9   0.57005   3.75006   2.13774   5.00000   3.00000   0.00000  13.00000
   197     5     3     1   1.99633   0.22857   0.45629   0.00000   1.00000   0.00000   4.00000
   198     5     3     2  48.13947   0.00043   0.02076   0.00000   0.00000   0.00000   1.00000
   199     5     3     3   0.09156   0.99169   0.09080   1.00000   1.00000   0.00000   1.00000
   200     5     3     4   0.28622   0.92499   0.26475   0.00000   1.00000   0.00000   2.00000
   201     5     3     5   2.01669   0.19751   0.39832   0.00000   0.00000   0.00000   2.00000
   202     5     3     6   0.42373   3.54455   1.50195   3.00000   5.00000   0.00000   8.00000
   203     5     3     7   0.86092   0.97686   0.84100   0.00000   1.00000   0.00000   5.00000
   204     5     3     8   0.98687   0.55487   0.54758   0.00000   1.00000   0.00000   3.00000
   205     5     3     9   4.73683   0.04635   0.21954   0.00000   0.00000   0.00000   4.00000
   206     5     4     1   0.43514   2.21463   0.96368   2.00000   2.00000   0.00000   7.00000
   207     5     4     2 225.84065   0.00002   0.00443   0.00000   0.00000   0.00000   1.00000
   208     5     4     3  10.33600   0.00927   0.09585   0.00000   0.00000   0.00000   1.00000
   209     5     4     6   0.18984   5.60094   1.06327   4.00000   6.00000   2.00000  10.00000
   210     5     4     7   0.31105   3.57920   1.11330   2.00000   4.00000   1.00000   8.00000
   211     5     4     8  20.85522   0.00229   0.04784   0.00000   0.00000   0.00000   1.00000
   212     5     4     9   0.73802   0.85405   0.63031   1.00000   0.00000   0.00000   4.00000
   213     5     5     1   0.60833   2.26454   1.37758   2.00000   4.00000   0.00000   8.00000
   214     5     5     2   3.42779   0.07929   0.27178   0.00000   1.00000   0.00000   2.00000
   215     5     5     3   9.34863   0.01131   0.10576   0.00000   0.00000   0.00000   1.00000
   216     5     5     5  60.35075   0.00027   0.01657   0.00000   0.00000   0.00000   1.00000
   217     5     5     6   0.52139   1.59633   0.83232   0.00000   1.00000   0.00000   4.00000
   218     5     5     7   0.36942   2.93901   1.08573   2.00000   4.00000   0.00000   7.00000
   219     5     5     8   0.98958   0.95902   0.94903   1.00000   2.00000   0.00000   7.00000
   220     5     5     9   2.41825   0.17165   0.41509   0.00000   0.00000   0.00000   3.00000
   221     5     6     1   0.26628   6.34065   1.68840   7.00000   7.00000   0.00000  13.00000
   222     5     6     2   1.34952   0.50693   0.68411   0.00000   0.00000   0.00000   5.00000
   223     5     6     3  28.06915   0.00147   0.04127   0.00000   0.00000   0.00000   2.00000
   224     5     6     6   2.96877   0.12409   0.36838   0.00000   1.00000   0.00000   3.00000
   225     5     6     7   0.68785   1.96347   1.35057   2.00000   2.00000   0.00000   8.00000
   226     5     6     8   0.41455   4.49485   1.86333   4.00000   2.00000   0.00000  12.00000
   227     5     6     9   0.37594   4.36783   1.64205   8.00000   4.00000   0.00000  11.00000
   228     6     1     1   0.36572   4.30795   1.57552   6.00000   4.00000   0.00000  11.00000
   229     6     1     2   3.29907   0.10572   0.34876   0.00000   0.00000   0.00000   3.00000
   230     6     1     3  25.55211   0.00153   0.03908   0.00000   0.00000   0.00000   1.00000
   231     6     1     5   9.51538   0.01112   0.10578   0.00000   0.00000   0.00000   2.00000
   232     6     1     6   0.79100   1.77102   1.40087   1.00000   4.00000   0.00000   6.00000
   233     6     1     7   0.47018   4.25409   2.00021   1.00000   5.00000   0.00000  12.00000
   234     6     1     8   0.18000   9.88678   1.77966   8.00000  12.00000   3.00000  17.00000
   235     6     1     9   0.15428  10.59420   1.63446   9.00000  10.00000   4.00000  17.00000
   236     6     2     1   0.39791   2.98181   1.18648   1.00000   2.00000   0.00000   8.00000
   237     6     2     2  12.85068   0.00602   0.07735   0.00000   0.00000   0.00000   1.00000
   238     6     2     3   0.70764   0.80529   0.56986   1.00000   0.00000   0.00000   4.00000
   239     6     2     4   0.80626   0.70783   0.57070   1.00000   1.00000   0.00000   3.00000
   240     6     2     5   6.07032   0.02733   0.16591   0.00000   0.00000   0.00000   2.00000
   241     6     2     6   0.94644   0.79012   0.74780   0.00000   0.00000   0.00000   3.00000
   242     6     2     7   0.28835   5.02892   1.45007   6.00000   6.00000   1.00000  11.00000
   243     6     2     8   0.24778   7.79204   1.93071   8.00000   6.00000   0.00000  15.00000
   244     6     2     9   0.16555  10.01731   1.65835  12.00000   8.00000   3.00000  17.00000
   245     6     3     1   0.24604   1.06427   0.26186   1.00000   1.00000   0.00000   4.00000
   246     6     3     2   3.60341   0.07642   0.27539   1.00000   1.00000   0.00000   3.00000
   247     6     3     3   0.42699   2.17935   0.93056   3.00000   3.00000   0.00000   6.00000
   248     6     3     4   0.42219   2.39573   1.01144   1.00000   3.00000   0.00000   6.00000
   249     6     3     5   1.10143   0.61617   0.67867   0.00000   1.00000   0.00000   3.00000
   250     6     3     6   6.38786   0.02574   0.16444   0.00000   1.00000   0.00000   3.00000
   251     6     3     7   1.79259   0.30685   0.55006   0.00000   1.00000   0.00000   4.00000
   252     6     3     8   0.92744   1.35216   1.25405   1.00000   0.00000   0.00000   9.00000
   253     6     3     9   0.39914   4.68280   1.86908   4.00000   6.00000   0.00000  11.00000
   254     6     4     1   3.26382   0.08632   0.28175   0.00000   0.00000   0.00000   2.00000
   255     6     4     2 159.69188   0.00004   0.00626   0.00000   0.00000   0.00000   1.00000
   256     6     4     4   8.74480   0.01321   0.11556   0.00000   0.00000   0.00000   2.00000
   257     6     4     5   7.09953   0.01976   0.14031   0.00000   0.00000   0.00000   2.00000
   258     6     4     6   2.25176   0.20118   0.45300   0.00000   1.00000   0.00000   4.00000
   259     6     4     7   0.69130   1.05829   0.73160   1.00000   0.00000   0.00000   5.00000
   260     6     4     8   0.89620   0.79233   0.71009   0.00000   1.00000   0.00000   4.00000
   261     6     4     9   0.32250   5.05997   1.63185   5.00000   5.00000   0.00000  12.00000
   262     6     5     1   1.15461   0.49844   0.57550   2.00000   0.00000   0.00000   4.00000
   263     6     5     2  10.79458   0.00851   0.09185   0.00000   0.00000   0.00000   1.00000
   264     6     5     4  16.75696   0.00355   0.05946   0.00000   0.00000   0.00000   1.00000
   265     6     5     5   2.62152   0.12703   0.33300   1.00000   0.00000   0.00000   1.00000
   266     6     5     6   0.81258   0.85931   0.69826   0.00000   1.00000   0.00000   4.00000
   267     6     5     7   0.71841   1.43170   1.02855   2.00000   2.00000   0.00000   7.00000
   268     6     5     8   0.45259   3.04847   1.37970   1.00000   2.00000   0.00000  10.00000
   269     6     5     9   0.38784   4.23602   1.64290   4.00000   3.00000   0.00000  11.00000
   270     6     6     1   0.38280   4.31162   1.65049   3.00000   4.00000   0.00000  13.00000
   271     6     6     2   1.07810   0.81996   0.88399   1.00000   1.00000   0.00000   6.00000
   272     6     6     3  21.31670   0.00220   0.04681   0.00000   0.00000   0.00000   1.00000
   273     6     6     5 225.84065   0.00002   0.00443   0.00000   0.00000   0.00000   1.00000
   274     6     6     6   1.27398   0.71285   0.90816   0.00000   0.00000   0.00000   6.00000
   275     6     6     7   0.34134   4.62292   1.57797   7.00000   4.00000   0.00000  11.00000
   276     6     6     8   0.34782   7.70297   2.67921   3.00000  10.00000   0.00000  17.00000
   277     6     6     9   0.16767   9.70026   1.62640   7.00000  10.00000   3.00000  16.00000
   278     7     1     1   0.29211   6.04713   1.76640  12.00000   7.00000   0.00000  14.00000
   279     7     1     2   0.82676   1.29293   1.06894   0.00000   1.00000   0.00000   4.00000
   280     7     1     3  60.35075   0.00027   0.01657   0.00000   0.00000   0.00000   1.00000
   281     7     1     5  62.62956   0.00025   0.01596   0.00000   0.00000   0.00000   1.00000
   282     7     1     6   0.82808   0.98908   0.81903   0.00000   1.00000   0.00000   4.00000
   283     7     1     7   0.39436   4.22055   1.66440   4.00000   4.00000   0.00000  11.00000
   284     7     1     8   0.17130  10.32369   1.76846   9.00000  10.00000   2.00000  17.00000
   285     7     1     9   0.15427  10.58357   1.63270  12.00000   9.00000   3.00000  17.00000
   286     7     2     1   0.22896   5.49828   1.25891   5.00000   4.00000   1.00000  11.00000
   287     7     2     2   2.07455   0.19175   0.39779   1.00000   0.00000   0.00000   2.00000
   288     7     2     3   3.89707   0.06423   0.25030   0.00000   0.00000   0.00000   2.00000
   289     7     2     4  13.83733   0.00520   0.07189   0.00000   0.00000   0.00000   1.00000
   290     7     2     6   3.95819   0.08574   0.33936   0.00000   0.00000   0.00000   3.00000
   291     7     2     7   0.58659   1.66035   0.97395   4.00000   4.00000   0.00000   7.00000
   292     7     2     8   0.15636  10.08329   1.57659   8.00000  10.00000   4.00000  17.00000
   293     7     2     9   0.15332  10.64872   1.63265   5.00000  11.00000   4.00000  18.00000
   294     7     3     1   1.16221   0.67221   0.78125   1.00000   1.00000   0.00000   5.00000
   295     7     3     2   0.94465   0.61200   0.57813   1.00000   0.00000   0.00000   3.00000
   296     7     3     3   0.99777   1.06227   1.05990   1.00000   0.00000   0.00000   5.00000
   297     7     3     4  24.62117   0.00165   0.04055   0.00000   0.00000   0.00000   1.00000
   298     7     3     5  16.57416   0.00363   0.06012   0.00000   0.00000   0.00000   1.00000
   299     7     3     6  25.55211   0.00153   0.03908   0.00000   0.00000   0.00000   1.00000
   300     7     3     7   0.50272   1.98422   0.99750   0.00000   1.00000   0.00000   6.00000
   301     7     3     8   0.37083   5.69460   2.11173   8.00000   5.00000   0.00000  14.00000
   302     7     3     9   0.14935  10.68299   1.59552  11.00000  10.00000   4.00000  17.00000
   303     7     4     1   1.09476   0.55865   0.61159   0.00000   1.00000   0.00000   4.00000
   304     7     4     5   3.21943   0.08799   0.28328   0.00000   0.00000   0.00000   1.00000
   305     7     4     6  20.17523   0.00245   0.04944   0.00000   0.00000   0.00000   1.00000
   306     7     4     7   1.37124   0.37210   0.51024   0.00000   0.00000   0.00000   3.00000
   307     7     4     8   0.31474   4.59608   1.44659   5.00000   8.00000   0.00000  10.00000
   308     7     4     9   0.18420   9.93634   1.83024  10.00000  10.00000   3.00000  17.00000
   309     7     5     1   0.49466   2.50572   1.23946   3.00000   2.00000   0.00000   8.00000
   310     7     5     2  22.23048   0.00202   0.04489   0.00000   0.00000   0.00000   1.00000
   311     7     5     4  14.30613   0.00486   0.06956   0.00000   0.00000   0.00000   1.00000
   312     7     5     5   6.79261   0.02121   0.14410   0.00000   0.00000   0.00000   1.00000
   313     7     5     6   1.27956   0.59108   0.75632   0.00000   0.00000   0.00000   4.00000
   314     7     5     7   0.36845   3.17463   1.16969   0.00000   4.00000   0.00000   9.00000
   315     7     5     8   0.56599   2.61074   1.47764   3.00000   4.00000   0.00000   9.00000
   316     7     5     9   0.39269   7.05384   2.76996   7.00000   7.00000   0.00000  16.00000
   317     7     6     1   0.27387   6.34218   1.73692   5.00000   5.00000   0.00000  13.00000
   318     7     6     2   0.57826   2.18855   1.26554   0.00000   2.00000   0.00000   9.00000
   319     7     6     3   7.18117   0.01970   0.14150   0.00000   0.00000   0.00000   2.00000
   320     7     6     6   3.11253   0.11254   0.35028   0.00000   0.00000   0.00000   4.00000
   321     7     6     7   0.38798   3.71238   1.44032   2.00000   5.00000   0.00000  11.00000
   322     7     6     8   0.69481   5.15822   3.58396   3.00000   5.00000   0.00000  16.00000
   323     7     6     9   0.22604   8.10217   1.83144   7.00000   7.00000   1.00000  16.00000
   324     8     1     1   0.33264   4.26233   1.41784   4.00000   3.00000   0.00000  10.00000
   325     8     1     2   0.55443   1.53695   0.85213   0.00000   2.00000   0.00000   5.00000
   326     8     1     3  14.30613   0.00486   0.06956   0.00000   0.00000   0.00000   1.00000
   327     8     1     5  37.62719   0.00071   0.02656   0.00000   0.00000   0.00000   1.00000
   328     8     1     6   0.93314   0.86793   0.80990   1.00000   1.00000   0.00000   5.00000
   329     8     1     7   0.19942   9.18865   1.83240  10.00000  10.00000   1.00000  16.00000
   330     8     1     8   0.15440  10.58326   1.63406  12.00000  10.00000   3.00000  18.00000
   331     8     1     9   0.15448  10.56865   1.63267  10.00000  10.00000   4.00000  17.00000
   332     8     2     1   0.60875   1.77918   1.08308   1.00000   3.00000   0.00000   7.00000
   333     8     2     2   3.79577   0.06725   0.25526   1.00000   0.00000   0.00000   2.00000
   334     8     2     6   3.49529   0.11460   0.40055   0.00000   0.00000   0.00000   4.00000
   335     8     2     7   0.23626   6.60772   1.56117   6.00000   5.00000   1.00000  14.00000
   336     8     2     8   0.15582  10.54599   1.64326  11.00000  10.00000   4.00000  17.00000
   337     8     2     9   0.15527  10.56683   1.64069  13.00000  12.00000   4.00000  18.00000
   338     8     3     1   0.21191   6.01465   1.27455   3.00000   4.00000   1.00000  11.00000
   339     8     3     2   2.51642   0.15675   0.39445   0.00000   0.00000   0.00000   2.00000
   340     8     3     3 225.84065   0.00002   0.00443   0.00000   0.00000   0.00000   1.00000
   341     8     3     7   0.52879   2.70183   1.42869   3.00000   3.00000   0.00000   8.00000
   342     8     3     8   0.42875   6.00214   2.57342  10.00000   4.00000   0.00000  15.00000
   343     8     3     9   0.15348  10.66848   1.63737  12.00000  11.00000   4.00000  17.00000
   344     8     4     1   0.96150   0.68703   0.66058   1.00000   1.00000   0.00000   4.00000
   345     8     4     2   8.45162   0.01404   0.11864   0.00000   0.00000   0.00000   2.00000
   346     8     4     6  15.89831   0.00394   0.06265   0.00000   0.00000   0.00000   1.00000
   347     8     4     7   0.77883   1.89099   1.47275   0.00000   4.00000   0.00000   8.00000
   348     8     4     8   0.42819   4.74044   2.02983   8.00000   7.00000   0.00000  12.00000
   349     8     4     9   0.18743   9.97896   1.87039  10.00000   9.00000   1.00000  18.00000
   350     8     5     1   4.19081   0.06597   0.27648   0.00000   2.00000   0.00000   4.00000
   351     8     5     2  32.92739   0.00092   0.03034   0.00000   0.00000   0.00000   1.00000
   352     8     5     6  68.08684   0.00022   0.01468   0.00000   0.00000   0.00000   1.00000
   353     8     5     7   0.39195   2.46421   0.96584   3.00000   2.00000   0.00000   7.00000
   354     8     5     8   0.53725   3.43672   1.84637   4.00000   3.00000   0.00000  11.00000
   355     8     5     9   0.31896   7.67615   2.44842  10.00000   9.00000   0.00000  17.00000
   356     8     6     1   0.38261   4.91577   1.88083   4.00000   7.00000   0.00000  13.00000
   357     8     6     2   1.03728   1.36149   1.41225   0.00000   3.00000   0.00000   8.00000
   358     8     6     3   5.13172   0.03986   0.20454   0.00000   0.00000   0.00000   3.00000
   359     8     6     6   4.81096   0.05711   0.27476   0.00000   0.00000   0.00000   3.00000
   360     8     6     7   0.60976   2.66568   1.62542   1.00000   3.00000   0.00000  10.00000
   361     8     6     8   0.41469   6.07121   2.51765   2.00000   5.00000   0.00000  15.00000
   362     8     6     9   0.18329   9.61621   1.76258   9.00000   6.00000   2.00000  17.00000
   363     9     1     1   0.23686   8.88389   2.10420   9.00000  10.00000   1.00000  16.00000
   364     9     1     2   0.51813   3.04743   1.57897   4.00000   1.00000   0.00000  10.00000
   365     9     1     3   5.19135   0.03827   0.19868   0.00000   0.00000   0.00000   3.00000
   366     9     1     5   1.28583   0.38053   0.48930   1.00000   0.00000   0.00000   2.00000
   367     9     1     6   1.05682   1.29501   1.36859   1.00000   4.00000   0.00000   8.00000
   368     9     1     7   0.22311   8.63092   1.92564   8.00000  11.00000   1.00000  16.00000
   369     9     1     8   0.15453  10.58804   1.63618   9.00000  12.00000   3.00000  17.00000
   370     9     1     9   0.15544  10.56841   1.64278  11.00000   9.00000   4.00000  17.00000
   371     9     2     1   0.27737   5.06164   1.40393   8.00000   5.00000   0.00000  11.00000
   372     9     2     2   2.28869   0.20349   0.46573   1.00000   0.00000   0.00000   3.00000
   373     9     2     6   1.77458   0.34481   0.61189   1.00000   1.00000   0.00000   5.00000
   374     9     2     7   0.39485   6.40163   2.52768   9.00000   8.00000   0.00000  15.00000
   375     9     2     8   0.15382  10.62251   1.63391  11.00000  12.00000   4.00000  18.00000
   376     9     2     9   0.15448  10.58455   1.63512   8.00000  10.00000   3.00000  17.00000
   377     9     3     1   1.02451   1.06603   1.09216   0.00000   1.00000   0.00000   5.00000
   378     9     3     2   0.91352   1.33901   1.22321   0.00000   2.00000   0.00000   5.00000
   379     9     3     3  68.08685   0.00022   0.01468   0.00000   0.00000   0.00000   1.00000
   380     9     3     6  75.27431   0.00018   0.01328   0.00000   0.00000   0.00000   1.00000
   381     9     3     7   0.65917   1.34693   0.88785   1.00000   1.00000   0.00000   8.00000
   382     9     3     8   0.20702   8.87529   1.83734   8.00000  10.00000   2.00000  17.00000
   383     9     3     9   0.15480  10.59235   1.63973  11.00000  13.00000   5.00000  17.00000
   384     9     4     1   0.57992   1.67352   0.97051   0.00000   3.00000   0.00000   6.00000
   385     9     4     2  10.09122   0.00972   0.09813   0.00000   0.00000   0.00000   1.00000
   386     9     4     6  23.51917   0.00184   0.04334   0.00000   0.00000   0.00000   2.00000
   387     9     4     7   1.13314   0.70711   0.80125   1.00000   0.00000   0.00000   5.00000
   388     9     4     8   0.19176   8.39843   1.61048   6.00000   9.00000   3.00000  15.00000
   389     9     4     9   0.15295  10.61921   1.62416  14.00000  13.00000   4.00000  18.00000
   390     9     5     1   0.31590   5.11626   1.61623   8.00000   3.00000   0.00000  12.00000
   391     9     5     2   1.68848   0.32309   0.54552   0.00000   1.00000   0.00000   5.00000
   392     9     5     6   3.38614   0.08115   0.27478   0.00000   0.00000   0.00000   2.00000
   393     9     5     7   1.24281   0.69983   0.86976   0.00000   4.00000   0.00000   5.00000
   394     9     5     8   0.43082   5.07384   2.18593   6.00000   7.00000   0.00000  15.00000
   395     9     5     9   0.16216  10.36798   1.68132   9.00000   8.00000   4.00000  18.00000
   396     9     6     1   0.26673   8.13797   2.17065   9.00000   7.00000   0.00000  17.00000
   397     9     6     2   0.80561   2.42535   1.95388   2.00000   0.00000   0.00000  10.00000
   398     9     6     3   3.57727   0.07723   0.27626   0.00000   0.00000   0.00000   3.00000
   399     9     6     6   3.75594   0.07064   0.26532   0.00000   0.00000   0.00000   3.00000
   400     9     6     7   0.36692   4.72679   1.73434   5.00000   4.00000   0.00000  12.00000
   401     9     6     8   0.36302   7.15024   2.59569   6.00000   8.00000   0.00000  16.00000
   402     9     6     9   0.15387  10.60004   1.63108  12.00000  13.00000   4.00000  18.00000
