     1     1     1     1   0.33507   7.42451   2.48770  11.00000   7.00000   0.00000  17.00000
     2     1     1     2   1.44939   1.00355   1.45454   1.00000   0.00000   0.00000   9.00000
     3     1     1     3  18.15862   0.00314   0.05696   0.00000   0.00000   0.00000   2.00000
     4     1     1     5  12.48193   0.00657   0.08198   0.00000   0.00000   0.00000   2.00000
     5     1     1     6   1.06052   1.32138   1.40134   1.00000   1.00000   0.00000  10.00000
     6     1     1     7   0.33957   6.98143   2.37070   8.00000   8.00000   0.00000  15.00000
     7     1     1     8   0.17504  10.08266   1.76483  10.00000  12.00000   3.00000  18.00000
     8     1     1     9   0.24728   8.72907   2.15855   6.00000   6.00000   0.00000  17.00000
     9     1     2     1   0.25490   8.21321   2.09353   9.00000   8.00000   0.00000  15.00000
    10     1     2     2   1.21687   0.94434   1.14914   1.00000   0.00000   0.00000   6.00000
    11     1     2     3   4.77385   0.04207   0.20086   0.00000   0.00000   0.00000   2.00000
    12     1     2     5 100.99505   0.00010   0.00990   0.00000   0.00000   0.00000   1.00000
    13     1     2     6   1.48613   0.41900   0.62269   0.00000   0.00000   0.00000   5.00000
    14     1     2     7   0.29319   5.21618   1.52931   8.00000   6.00000   0.00000  11.00000
    15     1     2     8   0.22638   7.48958   1.69546   7.00000   8.00000   1.00000  14.00000
    16     1     2     9   0.26244   7.88036   2.06811   4.00000  10.00000   0.00000  16.00000
    17     1     3     1   0.26472   7.34971   1.94563   7.00000  10.00000   1.00000  15.00000
    18     1     3     2   0.84642   0.97200   0.82272   3.00000   1.00000   0.00000   6.00000
    19     1     3     3   6.94155   0.02033   0.14113   0.00000   0.00000   0.00000   1.00000
    20     1     3     5  56.45185   0.00031   0.01771   0.00000   0.00000   0.00000   1.00000
    21     1     3     6   2.55122   0.14469   0.36914   0.00000   0.00000   0.00000   3.00000
    22     1     3     7   0.43402   2.89968   1.25852   2.00000   5.00000   0.00000   8.00000
    23     1     3     8   0.28071   5.58063   1.56655   4.00000   7.00000   0.00000  12.00000
    24     1     3     9   0.32601   7.04153   2.29559   9.00000  11.00000   0.00000  16.00000
    25     1     4     1   0.94680   1.17528   1.11275   2.00000   1.00000   0.00000   8.00000
    26     1     4     2   7.25259   0.02221   0.16111   1.00000   0.00000   0.00000   2.00000
    27     1     4     5  26.78395   0.00139   0.03728   0.00000   0.00000   0.00000   1.00000
    28     1     4     6   1.96662   0.25603   0.50352   0.00000   0.00000   0.00000   3.00000
    29     1     4     7   0.37098   3.22582   1.19673   2.00000   2.00000   0.00000  10.00000
    30     1     4     8   0.37941   5.27107   1.99987   2.00000   8.00000   0.00000  13.00000
    31     1     4     9   0.57492   3.81786   2.19496   1.00000   7.00000   0.00000  13.00000
    32     1     5     1   1.47666   0.48107   0.71038   0.00000   0.00000   0.00000   5.00000
    33     1     5     2  17.34372   0.00331   0.05747   0.00000   0.00000   0.00000   1.00000
    34     1     5     5  26.97486   0.00137   0.03702   0.00000   0.00000   0.00000   1.00000
    35     1     5     6   0.68294   1.27074   0.86784   3.00000   1.00000   0.00000   7.00000
    36     1     5     7   0.30515   4.99869   1.52535   3.00000   6.00000   0.00000  12.00000
    37     1     5     8   0.23263   8.10117   1.88461   4.00000  10.00000   1.00000  16.00000
    38     1     5     9   0.47486   5.47880   2.60165   4.00000  10.00000   0.00000  15.00000
    39     1     6     1   0.32001   5.80982   1.85920   6.00000   7.00000   0.00000  13.00000
    40     1     6     2   1.32267   0.69466   0.91881   1.00000   0.00000   0.00000   8.00000
    41     1     6     3   7.19344   0.01896   0.13638   0.00000   1.00000   0.00000   1.00000
    42     1     6     4  39.91123   0.00063   0.02504   0.00000   0.00000   0.00000   1.00000
    43     1     6     6   0.66565   1.75795   1.17017   3.00000   4.00000   0.00000   6.00000
    44     1     6     7   0.24066   6.97908   1.67960   2.00000   7.00000   0.00000  14.00000
    45     1     6     8   0.16729  10.09179   1.68829  10.00000  13.00000   4.00000  16.00000
    46     1     6     9   0.20335   9.55293   1.94263  10.00000   9.00000   1.00000  17.00000
    47     2     1     1   0.38895   5.15967   2.00685   6.00000   3.00000   0.00000  14.00000
    48     2     1     2   4.89494   0.05313   0.26008   0.00000   0.00000   0.00000   4.00000
    49     2     1     3 225.84065   0.00002   0.00443   0.00000   0.00000   0.00000   1.00000
    50     2     1     5 159.69188   0.00004   0.00626   0.00000   0.00000   0.00000   1.00000
    51     2     1     6   1.23908   0.73269   0.90787   0.00000   1.00000   0.00000   5.00000
    52     2     1     7   0.42875   3.06188   1.31279   4.00000   4.00000   0.00000   9.00000
    53     2     1     8   0.29860   7.28713   2.17591   6.00000   7.00000   0.00000  15.00000
    54     2     1     9   1.00879   1.53512   1.54861   1.00000   6.00000   0.00000  11.00000
    55     2     2     1   0.21295   6.78151   1.44411   8.00000   8.00000   1.00000  13.00000
    56     2     2     2   4.10584   0.06272   0.25752   0.00000   0.00000   0.00000   2.00000
    57     2     2     5   3.86640   0.06270   0.24242   0.00000   0.00000   0.00000   1.00000
    58     2     2     6   6.60179   0.02255   0.14885   0.00000   0.00000   0.00000   2.00000
    59     2     2     7   1.67514   0.28264   0.47346   0.00000   1.00000   0.00000   3.00000
    60     2     2     8   0.51406   3.49774   1.79803   5.00000   7.00000   0.00000  10.00000
    61     2     2     9   2.86073   0.16298   0.46625   0.00000   1.00000   0.00000   6.00000
    62     2     3     1   0.38822   2.55420   0.99160   3.00000   2.00000   0.00000   7.00000
    63     2     3     5   6.80547   0.02114   0.14383   0.00000   0.00000   0.00000   1.00000
    64     2     3     6   5.72437   0.03011   0.17239   0.00000   0.00000   0.00000   2.00000
    65     2     3     7   2.61406   0.16204   0.42359   0.00000   1.00000   0.00000   4.00000
    66     2     3     8   0.33830   3.85846   1.30530   1.00000   4.00000   0.00000   9.00000
    67     2     3     9   1.14657   1.03849   1.19070   0.00000   0.00000   0.00000   6.00000
    68     2     4     1   0.92509   1.28648   1.19011   0.00000   4.00000   0.00000   6.00000
    69     2     4     5   0.90202   0.65239   0.58847   1.00000   1.00000   0.00000   3.00000
    70     2     4     6   5.31187   0.03496   0.18569   0.00000   0.00000   0.00000   2.00000
    71     2     4     7   1.91385   0.28813   0.55144   0.00000   0.00000   0.00000   5.00000
    72     2     4     8   0.45352   2.73985   1.24259   0.00000   3.00000   0.00000   9.00000
    73     2     4     9  16.18286   0.00384   0.06219   0.00000   0.00000   0.00000   2.00000
    74     2     5     1   1.17013   0.79149   0.92615   0.00000   0.00000   0.00000   7.00000
    75     2     5     2   9.51688   0.01092   0.10393   0.00000   0.00000   0.00000   1.00000
    76     2     5     5   2.70509   0.13224   0.35773   1.00000   0.00000   0.00000   2.00000
    77     2     5     6   0.21065   2.59726   0.54710   2.00000   3.00000   0.00000   6.00000
    78     2     5     7   1.38075   0.60549   0.83603   0.00000   1.00000   0.00000   5.00000
    79     2     5     8   0.67341   1.40645   0.94712   0.00000   1.00000   0.00000   6.00000
    80     2     5     9   1.59404   0.39745   0.63355   0.00000   0.00000   0.00000   6.00000
    81     2     6     1   0.54309   2.84515   1.54518   3.00000   2.00000   0.00000  10.00000
    82     2     6     2   2.40212   0.15896   0.38185   0.00000   0.00000   0.00000   3.00000
    83     2     6     6  18.79365   0.00282   0.05306   0.00000   0.00000   0.00000   1.00000
    84     2     6     7   1.24133   0.63892   0.79311   0.00000   0.00000   0.00000   5.00000
    85     2     6     8   0.46532   3.02737   1.40870   3.00000   5.00000   0.00000   9.00000
    86     2     6     9   0.64322   3.13438   2.01609   2.00000   6.00000   0.00000  12.00000
    87     3     1     1   2.19261   0.19788   0.43388   0.00000   0.00000   0.00000   4.00000
    88     3     1     2  60.35075   0.00027   0.01657   0.00000   0.00000   0.00000   1.00000
    89     3     1     3  58.30380   0.00029   0.01715   0.00000   0.00000   0.00000   1.00000
    90     3     1     4 159.69188   0.00004   0.00626   0.00000   0.00000   0.00000   1.00000
    91     3     1     5 130.38660   0.00006   0.00767   0.00000   0.00000   0.00000   1.00000
    92     3     1     6 112.91700   0.00008   0.00886   0.00000   0.00000   0.00000   1.00000
    93     3     1     7   1.05663   0.66915   0.70704   1.00000   0.00000   0.00000   5.00000
    94     3     1     8   0.39298   4.74967   1.86653   4.00000   7.00000   0.00000  13.00000
    95     3     1     9   1.09975   1.35157   1.48639   5.00000   7.00000   0.00000  11.00000
    96     3     2     1   0.47966   1.08701   0.52139   0.00000   1.00000   0.00000   4.00000
    97     3     2     2   3.14793   0.09240   0.29088   0.00000   0.00000   0.00000   2.00000
    98     3     2     5   1.80639   0.23606   0.42641   0.00000   0.00000   0.00000   2.00000
    99     3     2     6   0.69740   1.29544   0.90345   0.00000   0.00000   0.00000   4.00000
   100     3     2     7   0.72821   1.43564   1.04544   1.00000   1.00000   0.00000   7.00000
   101     3     2     8   0.45860   3.85741   1.76899   0.00000   9.00000   0.00000  11.00000
   102     3     2     9   0.97541   0.75634   0.73774   0.00000   1.00000   0.00000   4.00000
   103     3     3     1   0.85320   1.04072   0.88794   0.00000   0.00000   0.00000   6.00000
   104     3     3     5   1.94866   0.21517   0.41930   0.00000   1.00000   0.00000   2.00000
   105     3     3     6   1.93065   0.24700   0.47686   1.00000   0.00000   0.00000   4.00000
   106     3     3     7   0.63702   2.29813   1.46395   0.00000   2.00000   0.00000   7.00000
   107     3     3     8   0.54913   3.87044   2.12539   1.00000   8.00000   0.00000  11.00000
   108     3     3     9   0.69084   1.17755   0.81350   0.00000   1.00000   0.00000   5.00000
   109     3     4     1   0.34218   5.11373   1.74983   2.00000   6.00000   0.00000  13.00000
   110     3     4     2   3.62932   0.07056   0.25609   0.00000   0.00000   0.00000   1.00000
   111     3     4     4  56.45185   0.00031   0.01771   0.00000   0.00000   0.00000   1.00000
   112     3     4     5   1.15762   0.43045   0.49830   0.00000   0.00000   0.00000   2.00000
   113     3     4     6  21.31670   0.00220   0.04681   0.00000   0.00000   0.00000   1.00000
   114     3     4     7   0.38145   2.65176   1.01152   2.00000   4.00000   0.00000   7.00000
   115     3     4     8   0.81346   1.63400   1.32919   0.00000   3.00000   0.00000   8.00000
   116     3     4     9  22.11918   0.00208   0.04597   0.00000   0.00000   0.00000   2.00000
   117     3     5     1   0.33172   4.99206   1.65596   5.00000   4.00000   0.00000  12.00000
   118     3     5     2   3.82116   0.06537   0.24977   0.00000   0.00000   0.00000   2.00000
   119     3     5     3  17.99503   0.00312   0.05610   0.00000   0.00000   0.00000   2.00000
   120     3     5     4  49.27280   0.00041   0.02029   0.00000   0.00000   0.00000   1.00000
   121     3     5     5  42.66858   0.00055   0.02342   0.00000   0.00000   0.00000   1.00000
   122     3     5     6  53.22228   0.00035   0.01878   0.00000   0.00000   0.00000   1.00000
   123     3     5     7   1.89628   0.30352   0.57556   0.00000   0.00000   0.00000   3.00000
   124     3     5     8   2.14841   0.21025   0.45171   0.00000   1.00000   0.00000   3.00000
   125     3     5     9   1.87727   0.22104   0.41495   0.00000   0.00000   0.00000   1.00000
   126     3     6     1   0.35586   6.34949   2.25952   4.00000   3.00000   0.00000  15.00000
   127     3     6     2   0.46769   2.81496   1.31652   2.00000   2.00000   0.00000   9.00000
   128     3     6     3   1.68742   0.32436   0.54733   0.00000   0.00000   0.00000   5.00000
   129     3     6     6  41.92604   0.00057   0.02384   0.00000   0.00000   0.00000   1.00000
   130     3     6     7   1.13684   0.55932   0.63585   1.00000   0.00000   0.00000   3.00000
   131     3     6     8   0.71092   1.96222   1.39498   0.00000   2.00000   0.00000   8.00000
   132     3     6     9   0.60991   1.40065   0.85426   1.00000   1.00000   0.00000   6.00000
   133     4     1     1   0.57522   2.58931   1.48944   4.00000   4.00000   0.00000  10.00000
   134     4     1     2   1.95773   0.29958   0.58649   0.00000   0.00000   0.00000   5.00000
   135     4     1     3  19.70439   0.00261   0.05138   0.00000   0.00000   0.00000   2.00000
   136     4     1     5  22.90905   0.00190   0.04357   0.00000   0.00000   0.00000   1.00000
   137     4     1     6  14.99610   0.00514   0.07703   0.00000   0.00000   0.00000   2.00000
   138     4     1     7   1.50852   0.54128   0.81653   0.00000   0.00000   0.00000   7.00000
   139     4     1     8   0.67589   2.75334   1.86095   4.00000   6.00000   0.00000  11.00000
   140     4     1     9   0.73764   2.55367   1.88369   3.00000   6.00000   0.00000  14.00000
   141     4     2     1   2.25359   0.25225   0.56847   0.00000   2.00000   0.00000   5.00000
   142     4     2     2   4.95200   0.04964   0.24583   0.00000   0.00000   0.00000   3.00000
   143     4     2     3  45.15750   0.00049   0.02213   0.00000   0.00000   0.00000   1.00000
   144     4     2     6   5.91925   0.02910   0.17222   0.00000   0.00000   0.00000   3.00000
   145     4     2     7   0.43954   3.88242   1.70649   2.00000   6.00000   0.00000  10.00000
   146     4     2     8   0.89739   1.18257   1.06123   1.00000   1.00000   0.00000   8.00000
   147     4     2     9   0.81699   1.58049   1.29124   1.00000   2.00000   0.00000   9.00000
   148     4     3     1   1.19548   0.58865   0.70372   1.00000   2.00000   0.00000   4.00000
   149     4     3     2  29.87970   0.00116   0.03456   0.00000   0.00000   0.00000   2.00000
   150     4     3     5   4.34658   0.05027   0.21850   0.00000   0.00000   0.00000   1.00000
   151     4     3     6   0.28477   1.09378   0.31148   1.00000   1.00000   1.00000   4.00000
   152     4     3     7   0.43742   3.46282   1.51469   2.00000   3.00000   0.00000   8.00000
   153     4     3     8   0.60350   1.20655   0.72815   0.00000   2.00000   0.00000   5.00000
   154     4     3     9   0.41114   2.41312   0.99212   1.00000   3.00000   0.00000   6.00000
   155     4     4     1   0.43283   4.57018   1.97811   4.00000   6.00000   0.00000  13.00000
   156     4     4     2   2.56279   0.14659   0.37569   0.00000   0.00000   0.00000   3.00000
   157     4     4     3  39.91123   0.00063   0.02504   0.00000   0.00000   0.00000   1.00000
   158     4     4     4 159.69188   0.00004   0.00626   0.00000   0.00000   0.00000   1.00000
   159     4     4     5 225.84065   0.00002   0.00443   0.00000   0.00000   0.00000   1.00000
   160     4     4     6   0.39736   1.23090   0.48911   2.00000   2.00000   0.00000   4.00000
   161     4     4     7   0.68416   1.07278   0.73395   0.00000   1.00000   0.00000   4.00000
   162     4     4     8  12.17958   0.00696   0.08477   0.00000   0.00000   0.00000   3.00000
   163     4     4     9   1.47986   0.38134   0.56432   0.00000   0.00000   0.00000   3.00000
   164     4     5     1   0.25120   7.25566   1.82263  10.00000   9.00000   1.00000  15.00000
   165     4     5     2   1.40695   0.37890   0.53310   1.00000   0.00000   0.00000   3.00000
   166     4     5     3   3.93241   0.06074   0.23885   0.00000   0.00000   0.00000   1.00000
   167     4     5     4   0.28213   1.66852   0.47074   1.00000   2.00000   1.00000   2.00000
   168     4     5     5 225.84065   0.00002   0.00443   0.00000   0.00000   0.00000   1.00000
   169     4     5     6   1.15258   0.47321   0.54541   1.00000   0.00000   0.00000   2.00000
   170     4     5     7   1.12576   0.74044   0.83355   1.00000   1.00000   0.00000   4.00000
   171     4     5     8   0.59879   1.60639   0.96189   2.00000   1.00000   0.00000   6.00000
   172     4     5     9 225.84065   0.00002   0.00443   0.00000   0.00000   0.00000   1.00000
   173     4     6     1   0.19370   9.20253   1.78251  10.00000  12.00000   2.00000  16.00000
   174     4     6     2   0.73809   1.11642   0.82402   1.00000   0.00000   0.00000   6.00000
   175     4     6     3   3.46692   0.14108   0.48913   1.00000   0.00000   0.00000   5.00000
   176     4     6     4 159.69188   0.00004   0.00626   0.00000   0.00000   0.00000   1.00000
   177     4     6     7   0.88705   0.92891   0.82399   0.00000   0.00000   0.00000   5.00000
   178     4     6     8   0.33290   3.06272   1.01958   2.00000   3.00000   0.00000   8.00000
   179     4     6     9   2.57977   0.18857   0.48647   0.00000   0.00000   0.00000   4.00000
   180     5     1     1   0.32229   6.95353   2.24103   7.00000   4.00000   0.00000  16.00000
   181     5     1     2   1.51383   0.55814   0.84493   1.00000   0.00000   0.00000   6.00000
   182     5     1     3 225.84065   0.00002   0.00443   0.00000   0.00000   0.00000   1.00000
   183     5     1     5   7.92740   0.02117   0.16786   0.00000   0.00000   0.00000   4.00000
   184     5     1     6   1.60197   0.67768   1.08562   1.00000   0.00000   0.00000   7.00000
   185     5     1     7   0.50600   1.88195   0.95227   2.00000   3.00000   0.00000   7.00000
   186     5     1     8   0.17584   9.56022   1.68104   8.00000  10.00000   2.00000  16.00000
   187     5     1     9   0.34724   7.03345   2.44227  11.00000  10.00000   0.00000  17.00000
   188     5     2     1   0.60217   2.39129   1.43998   2.00000   3.00000   0.00000  10.00000
   189     5     2     2   9.75031   0.01151   0.11221   0.00000   0.00000   0.00000   2.00000
   190     5     2     4 112.91700   0.00008   0.00886   0.00000   0.00000   0.00000   1.00000
   191     5     2     5   8.73386   0.01294   0.11302   0.00000   1.00000   0.00000   1.00000
   192     5     2     6   0.57463   1.87137   1.07535   0.00000   3.00000   0.00000   6.00000
   193     5     2     7   0.41938   4.58892   1.92448   1.00000   4.00000   0.00000  11.00000
   194     5     2     8   0.70253   1.38390   0.97223   1.00000   2.00000   0.00000   7.00000
   195     5     2     9   0.35239   5.51511   1.94347   8.00000   7.00000   0.00000  14.00000
   196     5     3     1   6.22638   0.03153   0.19629   0.00000   0.00000   0.00000   2.00000
   197     5     3     3   0.19066   0.96492   0.18397   1.00000   1.00000   0.00000   1.00000
   198     5     3     4   0.41546   0.85288   0.35434   0.00000   1.00000   0.00000   2.00000
   199     5     3     5   3.09469   0.21888   0.67737   0.00000   2.00000   0.00000   5.00000
   200     5     3     6   0.28226   5.58765   1.57717   3.00000   5.00000   1.00000  12.00000
   201     5     3     7   0.74890   1.44029   1.07863   0.00000   5.00000   0.00000   6.00000
   202     5     3     8   2.42919   0.14491   0.35201   0.00000   0.00000   0.00000   1.00000
   203     5     3     9   1.83896   0.33422   0.61462   0.00000   0.00000   0.00000   4.00000
   204     5     4     1   0.53014   1.25611   0.66591   2.00000   2.00000   0.00000   5.00000
   205     5     4     3   5.25112   0.03500   0.18377   0.00000   0.00000   0.00000   1.00000
   206     5     4     5   0.39402   1.14655   0.45176   2.00000   3.00000   1.00000   4.00000
   207     5     4     6   0.19655   6.13961   1.20676   3.00000   6.00000   2.00000  11.00000
   208     5     4     7   0.33511   2.94301   0.98622   2.00000   2.00000   1.00000   9.00000
   209     5     4     8  85.35473   0.00014   0.01171   0.00000   0.00000   0.00000   1.00000
   210     5     4     9   1.45036   0.48019   0.69644   2.00000   0.00000   0.00000   4.00000
   211     5     5     1   1.03931   0.83445   0.86725   1.00000   1.00000   0.00000   6.00000
   212     5     5     2   8.01438   0.01706   0.13670   0.00000   0.00000   0.00000   2.00000
   213     5     5     3 130.38660   0.00006   0.00767   0.00000   0.00000   0.00000   1.00000
   214     5     5     5  19.34003   0.00267   0.05157   0.00000   0.00000   0.00000   1.00000
   215     5     5     6   0.65471   1.21580   0.79600   0.00000   2.00000   0.00000   4.00000
   216     5     5     7   0.42114   2.28023   0.96030   1.00000   3.00000   0.00000   6.00000
   217     5     5     8   0.90924   0.92071   0.83715   0.00000   1.00000   0.00000   6.00000
   218     5     5     9   2.66639   0.21204   0.56538   0.00000   0.00000   0.00000   6.00000
   219     5     6     1   0.54505   3.53007   1.92407   7.00000   3.00000   0.00000  11.00000
   220     5     6     2   2.27013   0.31626   0.71796   0.00000   0.00000   0.00000   7.00000
   221     5     6     3  75.27431   0.00018   0.01328   0.00000   0.00000   0.00000   1.00000
   222     5     6     7   0.44743   2.55428   1.14286   3.00000   1.00000   0.00000   9.00000
   223     5     6     8   0.37557   4.82064   1.81049   6.00000   3.00000   0.00000  14.00000
   224     5     6     9   0.55794   4.76851   2.66056   4.00000   2.00000   0.00000  14.00000
   225     6     1     1   0.41527   4.02664   1.67216   3.00000   2.00000   0.00000  11.00000
   226     6     1     2  14.38366   0.00537   0.07727   0.00000   0.00000   0.00000   2.00000
   227     6     1     5   6.40871   0.02549   0.16334   0.00000   0.00000   0.00000   2.00000
   228     6     1     6   0.57333   1.72001   0.98614   1.00000   2.00000   0.00000   6.00000
   229     6     1     7   0.46547   4.30377   2.00328   0.00000   3.00000   0.00000  13.00000
   230     6     1     8   0.17475   9.87307   1.72532  10.00000  13.00000   3.00000  17.00000
   231     6     1     9   0.15521  10.59575   1.64460  12.00000  11.00000   4.00000  18.00000
   232     6     2     1   0.40762   2.81955   1.14931   2.00000   1.00000   0.00000   7.00000
   233     6     2     2   6.50754   0.02361   0.15361   0.00000   0.00000   0.00000   2.00000
   234     6     2     3   1.00648   0.56955   0.57324   1.00000   1.00000   0.00000   3.00000
   235     6     2     4   1.06514   0.50307   0.53584   1.00000   1.00000   0.00000   3.00000
   236     6     2     5   2.12714   0.21331   0.45375   1.00000   0.00000   0.00000   3.00000
   237     6     2     6   0.73099   1.18459   0.86593   0.00000   1.00000   0.00000   4.00000
   238     6     2     7   0.19979   6.48807   1.29628   2.00000   7.00000   1.00000  13.00000
   239     6     2     8   0.33212   5.21255   1.73118   6.00000   4.00000   0.00000  13.00000
   240     6     2     9   0.20983   8.94797   1.87752  10.00000  12.00000   1.00000  17.00000
   241     6     3     1   0.42606   1.21316   0.51688   1.00000   1.00000   0.00000   4.00000
   242     6     3     2   2.45433   0.15344   0.37658   0.00000   0.00000   0.00000   3.00000
   243     6     3     3   0.39573   2.50119   0.98979   3.00000   3.00000   0.00000   6.00000
   244     6     3     4   0.46869   2.34536   1.09925   2.00000   0.00000   0.00000   6.00000
   245     6     3     5   1.27493   0.38202   0.48705   1.00000   0.00000   0.00000   3.00000
   246     6     3     6   5.10538   0.04256   0.21731   0.00000   0.00000   0.00000   3.00000
   247     6     3     7   0.33374   1.03756   0.34628   1.00000   0.00000   0.00000   3.00000
   248     6     3     8   0.46274   2.78308   1.28784   1.00000   2.00000   0.00000   7.00000
   249     6     3     9   0.46754   3.33746   1.56039   5.00000   3.00000   0.00000  11.00000
   250     6     4     1   5.08100   0.03729   0.18947   0.00000   0.00000   0.00000   1.00000
   251     6     4     4   5.92474   0.02835   0.16797   0.00000   0.00000   0.00000   2.00000
   252     6     4     5  18.53721   0.00290   0.05379   0.00000   0.00000   0.00000   1.00000
   253     6     4     6   1.28581   0.66499   0.85506   0.00000   1.00000   0.00000   6.00000
   254     6     4     7   0.62489   1.86644   1.16632   1.00000   2.00000   0.00000   7.00000
   255     6     4     8   0.74546   0.97124   0.72402   1.00000   1.00000   0.00000   5.00000
   256     6     4     9   0.39093   4.23815   1.65681   5.00000   1.00000   0.00000  12.00000
   257     6     5     1   0.97767   0.63623   0.62203   0.00000   0.00000   0.00000   4.00000
   258     6     5     2  43.45197   0.00053   0.02300   0.00000   0.00000   0.00000   1.00000
   259     6     5     5   0.14720   1.01829   0.14989   1.00000   1.00000   0.00000   2.00000
   260     6     5     6   1.17716   0.59416   0.69942   0.00000   2.00000   0.00000   5.00000
   261     6     5     7   0.43379   4.19298   1.81886   3.00000   7.00000   0.00000  11.00000
   262     6     5     8   0.39929   3.11418   1.24346   2.00000   2.00000   0.00000   9.00000
   263     6     5     9   0.45536   4.90081   2.23165   5.00000   4.00000   0.00000  15.00000
   264     6     6     1   0.47286   3.73746   1.76730   5.00000   3.00000   0.00000  13.00000
   265     6     6     2   1.85349   0.50948   0.94431   1.00000   0.00000   0.00000   7.00000
   266     6     6     3  21.59513   0.00222   0.04784   0.00000   0.00000   0.00000   2.00000
   267     6     6     5 130.38660   0.00006   0.00767   0.00000   0.00000   0.00000   1.00000
   268     6     6     6   0.81571   1.05345   0.85930   0.00000   1.00000   0.00000   6.00000
   269     6     6     7   0.23741   6.19688   1.47119   5.00000   6.00000   1.00000  14.00000
   270     6     6     8   0.36477   7.62353   2.78082   3.00000  11.00000   0.00000  16.00000
   271     6     6     9   0.18840   9.45633   1.78158  13.00000   9.00000   3.00000  16.00000
   272     7     1     1   0.54117   3.55998   1.92655   4.00000   4.00000   0.00000  12.00000
   273     7     1     2   1.55150   0.29397   0.45610   0.00000   1.00000   0.00000   2.00000
   274     7     1     5   4.36327   0.05339   0.23294   0.00000   1.00000   0.00000   2.00000
   275     7     1     6   0.72680   1.69687   1.23329   0.00000   3.00000   0.00000   6.00000
   276     7     1     7   0.37985   3.90728   1.48418   6.00000   7.00000   0.00000  11.00000
   277     7     1     8   0.17708  10.06550   1.78236  12.00000  11.00000   2.00000  17.00000
   278     7     1     9   0.15426  10.58090   1.63224   8.00000   8.00000   4.00000  17.00000
   279     7     2     1   0.35981   4.72648   1.70064   5.00000   7.00000   0.00000  11.00000
   280     7     2     2   1.01287   0.50956   0.51612   1.00000   1.00000   0.00000   3.00000
   281     7     2     3   3.12410   0.09901   0.30932   0.00000   0.00000   0.00000   3.00000
   282     7     2     4   9.85325   0.01020   0.10045   0.00000   0.00000   0.00000   1.00000
   283     7     2     6   0.86513   0.77753   0.67266   0.00000   0.00000   0.00000   4.00000
   284     7     2     7   0.58585   2.00124   1.17243   0.00000   4.00000   0.00000   8.00000
   285     7     2     8   0.15497  10.42376   1.61537  11.00000  10.00000   4.00000  17.00000
   286     7     2     9   0.15439  10.57824   1.63312  12.00000  11.00000   4.00000  19.00000
   287     7     3     1   0.55412   2.12765   1.17897   0.00000   3.00000   0.00000   7.00000
   288     7     3     2   0.51797   1.30005   0.67338   1.00000   2.00000   0.00000   4.00000
   289     7     3     3   1.23349   0.63074   0.77801   1.00000   0.00000   0.00000   5.00000
   290     7     3     4   9.94321   0.01039   0.10332   0.00000   0.00000   0.00000   2.00000
   291     7     3     5   7.77984   0.01625   0.12645   0.00000   1.00000   0.00000   1.00000
   292     7     3     6  20.59227   0.00235   0.04845   0.00000   0.00000   0.00000   1.00000
   293     7     3     7   0.68579   1.26244   0.86577   1.00000   0.00000   0.00000   6.00000
   294     7     3     8   0.27719   6.27764   1.74010  10.00000   4.00000   0.00000  13.00000
   295     7     3     9   0.15393  10.32693   1.58958   8.00000  10.00000   4.00000  17.00000
   296     7     4     1   1.21200   0.52834   0.64035   0.00000   0.00000   0.00000   4.00000
   297     7     4     5  11.08145   0.00808   0.08951   0.00000   0.00000   0.00000   1.00000
   298     7     4     6   6.48680   0.02321   0.15058   0.00000   0.00000   0.00000   1.00000
   299     7     4     7   1.20992   0.53671   0.64938   0.00000   2.00000   0.00000   3.00000
   300     7     4     8   0.31406   4.29668   1.34943   5.00000   3.00000   0.00000  10.00000
   301     7     4     9   0.15584  10.30568   1.60602  11.00000   9.00000   4.00000  17.00000
   302     7     5     1   0.41780   1.79682   0.75072   3.00000   2.00000   0.00000   8.00000
   303     7     5     2  16.99307   0.00349   0.05930   0.00000   0.00000   0.00000   2.00000
   304     7     5     5  75.27431   0.00018   0.01328   0.00000   0.00000   0.00000   1.00000
   305     7     5     6   0.64094   1.23211   0.78971   0.00000   2.00000   0.00000   4.00000
   306     7     5     7   0.60413   2.53869   1.53371   1.00000   4.00000   0.00000   9.00000
   307     7     5     8   0.40148   3.11738   1.25156   4.00000   6.00000   0.00000  10.00000
   308     7     5     9   0.29267   7.80449   2.28415   7.00000   7.00000   0.00000  16.00000
   309     7     6     1   0.29469   5.68378   1.67498   5.00000   7.00000   0.00000  13.00000
   310     7     6     2   0.62920   1.69158   1.06434   2.00000   3.00000   0.00000   7.00000
   311     7     6     3  26.23465   0.00145   0.03806   0.00000   0.00000   0.00000   1.00000
   312     7     6     5 225.84065   0.00002   0.00443   0.00000   0.00000   0.00000   1.00000
   313     7     6     6   1.29954   0.79780   1.03678   0.00000   1.00000   0.00000   6.00000
   314     7     6     7   0.56275   5.32889   2.99883   2.00000   7.00000   0.00000  15.00000
   315     7     6     8   0.73520   6.15046   4.52181   3.00000   9.00000   0.00000  17.00000
   316     7     6     9   0.22231   9.25276   2.05701   9.00000  10.00000   0.00000  17.00000
   317     8     1     1   0.31642   4.97632   1.57461   5.00000   6.00000   0.00000  12.00000
   318     8     1     2   0.76334   1.06374   0.81200   1.00000   1.00000   0.00000   5.00000
   319     8     1     5   7.94294   0.01635   0.12988   0.00000   0.00000   0.00000   2.00000
   320     8     1     6   1.30638   0.66386   0.86725   0.00000   1.00000   0.00000   6.00000
   321     8     1     7   0.18879  10.00757   1.88937   7.00000  11.00000   0.00000  18.00000
   322     8     1     8   0.15427  10.60092   1.63538  10.00000   8.00000   4.00000  17.00000
   323     8     1     9   0.15495  10.57936   1.63923  11.00000  10.00000   4.00000  17.00000
   324     8     2     1   0.66716   1.83674   1.22540   1.00000   1.00000   0.00000   8.00000
   325     8     2     2   1.79937   0.34463   0.62012   0.00000   0.00000   0.00000   3.00000
   326     8     2     6   2.74628   0.15012   0.41228   0.00000   0.00000   0.00000   3.00000
   327     8     2     7   0.18146   7.81318   1.41776   8.00000   7.00000   2.00000  14.00000
   328     8     2     8   0.15437  10.62790   1.64065   8.00000  11.00000   4.00000  17.00000
   329     8     2     9   0.15567  10.57175   1.64575  13.00000   8.00000   4.00000  17.00000
   330     8     3     1   0.36802   5.22794   1.92401   4.00000   0.00000   0.00000  12.00000
   331     8     3     2  10.75237   0.00906   0.09739   0.00000   0.00000   0.00000   2.00000
   332     8     3     3 159.69188   0.00004   0.00626   0.00000   0.00000   0.00000   1.00000
   333     8     3     4   9.34045   0.01133   0.10585   0.00000   0.00000   0.00000   1.00000
   334     8     3     5 100.99505   0.00010   0.00990   0.00000   0.00000   0.00000   1.00000
   335     8     3     6  92.19454   0.00012   0.01085   0.00000   0.00000   0.00000   1.00000
   336     8     3     7   0.47181   3.16963   1.49548   2.00000   2.00000   0.00000  10.00000
   337     8     3     8   0.30033   7.79024   2.33967   9.00000   3.00000   0.00000  17.00000
   338     8     3     9   0.15457  10.61380   1.64058  12.00000  11.00000   4.00000  17.00000
   339     8     4     1   1.04263   1.13871   1.18726   0.00000   1.00000   0.00000   8.00000
   340     8     4     2   8.82164   0.01284   0.11329   0.00000   0.00000   0.00000   2.00000
   341     8     4     4 159.69188   0.00004   0.00626   0.00000   0.00000   0.00000   1.00000
   342     8     4     6   4.46983   0.04809   0.21497   0.00000   0.00000   0.00000   2.00000
   343     8     4     7   1.02760   1.08744   1.11745   1.00000   1.00000   0.00000   5.00000
   344     8     4     8   0.44522   4.75183   2.11559   4.00000   6.00000   0.00000  13.00000
   345     8     4     9   0.19171   9.83055   1.88464  11.00000  10.00000   3.00000  18.00000
   346     8     5     1   2.89034   0.15091   0.43617   0.00000   0.00000   0.00000   4.00000
   347     8     5     2  25.55211   0.00153   0.03908   0.00000   0.00000   0.00000   1.00000
   348     8     5     6   4.78498   0.04376   0.20939   0.00000   0.00000   0.00000   2.00000
   349     8     5     7   0.48981   2.35826   1.15509   1.00000   4.00000   0.00000   9.00000
   350     8     5     8   0.49230   4.06711   2.00222   4.00000   6.00000   0.00000  12.00000
   351     8     5     9   0.54503   6.08956   3.31901  11.00000   2.00000   0.00000  16.00000
   352     8     6     1   0.42834   3.87970   1.66182   3.00000   3.00000   0.00000  10.00000
   353     8     6     2   1.84579   0.31660   0.58437   0.00000   1.00000   0.00000   4.00000
   354     8     6     3  26.78395   0.00139   0.03728   1.00000   0.00000   0.00000   1.00000
   355     8     6     6   2.53970   0.23776   0.60384   0.00000   0.00000   0.00000   4.00000
   356     8     6     7   0.76754   2.73301   2.09770   2.00000   5.00000   0.00000  11.00000
   357     8     6     8   0.31696   7.42849   2.35454   5.00000   7.00000   1.00000  16.00000
   358     8     6     9   0.19808   9.85335   1.95171   9.00000  10.00000   1.00000  17.00000
   359     9     1     1   0.28390   8.63453   2.45137  11.00000   8.00000   1.00000  17.00000
   360     9     1     2   0.52223   2.43168   1.26989   3.00000   0.00000   0.00000   8.00000
   361     9     1     3   4.15155   0.05796   0.24060   0.00000   0.00000   0.00000   2.00000
   362     9     1     5   0.59202   0.79620   0.47136   1.00000   0.00000   0.00000   2.00000
   363     9     1     6   0.82502   1.01012   0.83336   0.00000   2.00000   0.00000   6.00000
   364     9     1     7   0.19025   9.33028   1.77511  11.00000  11.00000   2.00000  17.00000
   365     9     1     8   0.15548  10.56589   1.64277  11.00000  14.00000   3.00000  17.00000
   366     9     1     9   0.15445  10.57112   1.63274  11.00000  11.00000   3.00000  17.00000
   367     9     2     1   0.28341   5.73681   1.62584   7.00000   4.00000   1.00000  13.00000
   368     9     2     2   4.73669   0.04625   0.21907   1.00000   0.00000   0.00000   3.00000
   369     9     2     5  85.35473   0.00014   0.01171   0.00000   0.00000   0.00000   1.00000
   370     9     2     6   1.27060   0.53050   0.67405   0.00000   2.00000   0.00000   4.00000
   371     9     2     7   0.23855   8.32364   1.98561   5.00000   8.00000   1.00000  16.00000
   372     9     2     8   0.15353  10.59102   1.62607   8.00000   9.00000   3.00000  17.00000
   373     9     2     9   0.15433  10.58579   1.63369  10.00000   9.00000   4.00000  17.00000
   374     9     3     1   0.69634   1.77696   1.23737   0.00000   4.00000   0.00000   7.00000
   375     9     3     2   1.32716   0.96996   1.28730   0.00000   2.00000   0.00000   5.00000
   376     9     3     3  71.41078   0.00020   0.01400   0.00000   0.00000   0.00000   1.00000
   377     9     3     4 225.84065   0.00002   0.00443   0.00000   0.00000   0.00000   1.00000
   378     9     3     7   0.61560   2.71942   1.67407   0.00000   4.00000   0.00000  10.00000
   379     9     3     8   0.15584  10.34944   1.61281  10.00000  12.00000   4.00000  17.00000
   380     9     3     9   0.15457  10.59553   1.63771  12.00000  12.00000   4.00000  18.00000
   381     9     4     1   0.79468   1.35383   1.07586   0.00000   3.00000   0.00000   6.00000
   382     9     4     2   0.97968   0.98251   0.96255   1.00000   3.00000   0.00000   4.00000
   383     9     4     3 225.84065   0.00002   0.00443   0.00000   0.00000   0.00000   1.00000
   384     9     4     5  16.85064   0.00351   0.05914   0.00000   0.00000   0.00000   1.00000
   385     9     4     6   1.53141   0.35730   0.54717   0.00000   0.00000   0.00000   3.00000
   386     9     4     7   0.74614   1.69477   1.26454   1.00000   1.00000   0.00000   8.00000
   387     9     4     8   0.22947   8.52371   1.95590  10.00000   4.00000   0.00000  16.00000
   388     9     4     9   0.15929  10.36559   1.65118   8.00000  12.00000   4.00000  17.00000
   389     9     5     1   0.24696   6.44147   1.59076   8.00000   7.00000   0.00000  13.00000
   390     9     5     2   2.45563   0.16949   0.41621   0.00000   0.00000   0.00000   3.00000
   391     9     5     4  32.92739   0.00092   0.03034   0.00000   0.00000   0.00000   1.00000
   392     9     5     5   6.44512   0.02351   0.15151   0.00000   0.00000   0.00000   1.00000
   393     9     5     6   1.73737   0.29138   0.50624   0.00000   0.00000   0.00000   2.00000
   394     9     5     7   1.21984   0.82774   1.00971   2.00000   2.00000   0.00000   6.00000
   395     9     5     8   0.36201   6.05125   2.19059   5.00000   6.00000   0.00000  16.00000
   396     9     5     9   0.21169   9.28432   1.96537  10.00000   5.00000   1.00000  17.00000
   397     9     6     1   0.29171   7.71703   2.25113  10.00000  11.00000   0.00000  16.00000
   398     9     6     2   0.95379   1.44564   1.37884   2.00000   0.00000   0.00000   9.00000
   399     9     6     3   9.81518   0.01027   0.10084   0.00000   0.00000   0.00000   1.00000
   400     9     6     6   1.36013   0.50064   0.68093   0.00000   2.00000   0.00000   6.00000
   401     9     6     7   0.39033   5.69974   2.22481   1.00000   7.00000   0.00000  13.00000
   402     9     6     8   0.36591   7.39661   2.70647   6.00000   6.00000   0.00000  16.00000
   403     9     6     9   0.15625  10.51468   1.64291  10.00000  13.00000   4.00000  17.00000
