     1     1     1     1   0.26176   7.57002   1.98150  12.00000   5.00000   1.00000  15.00000
     2     1     1     2   1.53478   0.48850   0.74974   2.00000   0.00000   0.00000   5.00000
     3     1     1     3  10.90925   0.00833   0.09090   0.00000   0.00000   0.00000   1.00000
     4     1     1     4   6.05786   0.02653   0.16070   1.00000   0.00000   0.00000   1.00000
     5     1     1     5  25.38962   0.00155   0.03933   0.00000   0.00000   0.00000   1.00000
     6     1     1     6   0.94011   1.16741   1.09750   3.00000   1.00000   0.00000   7.00000
     7     1     1     7   0.33186   6.08140   2.01819   8.00000   4.00000   0.00000  15.00000
     8     1     1     8   0.17989  10.12183   1.82083   9.00000   5.00000   3.00000  17.00000
     9     1     1     9   0.20863   9.38663   1.95832   9.00000  10.00000   1.00000  17.00000
    10     1     2     1   0.20350   8.76385   1.78344   8.00000   9.00000   1.00000  15.00000
    11     1     2     2   1.05232   0.60522   0.63688   2.00000   0.00000   0.00000   4.00000
    12     1     2     3  12.93574   0.00594   0.07685   0.00000   0.00000   0.00000   1.00000
    13     1     2     4   3.97423   0.05954   0.23664   0.00000   0.00000   0.00000   1.00000
    14     1     2     5   6.79261   0.02121   0.14410   0.00000   0.00000   0.00000   1.00000
    15     1     2     6   2.12294   0.21876   0.46442   1.00000   0.00000   0.00000   4.00000
    16     1     2     7   0.28207   5.01365   1.41418   7.00000   4.00000   0.00000  11.00000
    17     1     2     8   0.20854   8.08570   1.68620   6.00000   7.00000   1.00000  15.00000
    18     1     2     9   0.26645   8.15673   2.17338   5.00000   8.00000   1.00000  17.00000
    19     1     3     1   0.20920   7.33981   1.53547   7.00000   7.00000   2.00000  14.00000
    20     1     3     2   0.62431   1.46144   0.91239   1.00000   2.00000   0.00000   6.00000
    21     1     3     3   4.16340   0.05454   0.22709   0.00000   0.00000   0.00000   1.00000
    22     1     3     4  68.08685   0.00022   0.01468   0.00000   0.00000   0.00000   1.00000
    23     1     3     5   5.62245   0.03066   0.17240   0.00000   0.00000   0.00000   1.00000
    24     1     3     6   4.37655   0.05092   0.22284   0.00000   1.00000   0.00000   2.00000
    25     1     3     7   0.31835   3.48227   1.10859   1.00000   3.00000   0.00000   8.00000
    26     1     3     8   0.26430   6.47635   1.71167   6.00000   8.00000   0.00000  14.00000
    27     1     3     9   0.30538   6.69338   2.04402   8.00000   7.00000   1.00000  15.00000
    28     1     4     1   0.96602   1.30101   1.25681   0.00000   1.00000   0.00000   8.00000
    29     1     4     2   9.76820   0.01037   0.10131   0.00000   0.00000   0.00000   1.00000
    30     1     4     5   4.67658   0.04411   0.20630   0.00000   0.00000   0.00000   2.00000
    31     1     4     6   1.73344   0.38663   0.67020   0.00000   2.00000   0.00000   4.00000
    32     1     4     7   0.40034   2.84384   1.13851   5.00000   4.00000   0.00000   8.00000
    33     1     4     8   0.26237   6.24062   1.63737   2.00000   8.00000   0.00000  13.00000
    34     1     4     9   0.43253   4.96169   2.14609   2.00000   4.00000   0.00000  14.00000
    35     1     5     1   1.17372   0.58169   0.68274   1.00000   0.00000   0.00000   4.00000
    36     1     5     2  53.22228   0.00035   0.01878   0.00000   0.00000   0.00000   1.00000
    37     1     5     5  17.66109   0.00320   0.05644   0.00000   0.00000   0.00000   1.00000
    38     1     5     6   0.41974   2.58567   1.08531   1.00000   4.00000   0.00000   8.00000
    39     1     5     7   0.27480   6.18759   1.70036   8.00000   5.00000   1.00000  13.00000
    40     1     5     8   0.25853   7.20541   1.86282   3.00000   7.00000   0.00000  15.00000
    41     1     5     9   0.40547   5.38882   2.18500   4.00000   8.00000   0.00000  15.00000
    42     1     6     1   0.32015   5.85531   1.87455   8.00000   7.00000   0.00000  14.00000
    43     1     6     2   1.44693   0.46739   0.67627   0.00000   2.00000   0.00000   4.00000
    44     1     6     5 159.69188   0.00004   0.00626   0.00000   0.00000   0.00000   1.00000
    45     1     6     6   1.31291   0.68725   0.90229   0.00000   1.00000   0.00000   5.00000
    46     1     6     7   0.33250   5.38355   1.79005   7.00000   4.00000   0.00000  14.00000
    47     1     6     8   0.16715  10.12901   1.69308  11.00000  12.00000   3.00000  17.00000
    48     1     6     9   0.17187  10.25111   1.76182   9.00000  12.00000   3.00000  17.00000
    49     2     1     1   0.34877   4.69528   1.63758   5.00000   5.00000   0.00000  12.00000
    50     2     1     2   5.82479   0.02976   0.17336   0.00000   0.00000   0.00000   2.00000
    51     2     1     3  11.81142   0.00712   0.08406   0.00000   0.00000   0.00000   1.00000
    52     2     1     4   7.93196   0.01565   0.12410   0.00000   0.00000   0.00000   1.00000
    53     2     1     5  37.62719   0.00071   0.02656   0.00000   0.00000   0.00000   1.00000
    54     2     1     6   1.49788   0.54120   0.81066   0.00000   2.00000   0.00000   5.00000
    55     2     1     7   0.39708   2.96067   1.17562   1.00000   0.00000   0.00000   7.00000
    56     2     1     8   0.46553   5.03074   2.34196   6.00000   4.00000   0.00000  14.00000
    57     2     1     9   0.61658   2.39322   1.47561   1.00000   3.00000   0.00000  10.00000
    58     2     2     1   0.20908   6.64507   1.38936   7.00000   8.00000   1.00000  12.00000
    59     2     2     2  13.22419   0.00569   0.07519   0.00000   0.00000   0.00000   1.00000
    60     2     2     3  25.88665   0.00149   0.03857   0.00000   0.00000   0.00000   1.00000
    61     2     2     4   7.59565   0.01704   0.12941   0.00000   0.00000   0.00000   1.00000
    62     2     2     5   2.36554   0.15161   0.35864   0.00000   1.00000   0.00000   1.00000
    63     2     2     6   4.52117   0.04752   0.21487   0.00000   1.00000   0.00000   2.00000
    64     2     2     7   0.71192   1.75969   1.25276   0.00000   2.00000   0.00000   5.00000
    65     2     2     8   0.25274   6.00461   1.51760   5.00000   5.00000   1.00000  12.00000
    66     2     2     9   1.90291   0.32026   0.60943   0.00000   0.00000   0.00000   6.00000
    67     2     3     1   0.35512   2.70532   0.96072   2.00000   1.00000   0.00000   7.00000
    68     2     3     2  16.75696   0.00355   0.05946   0.00000   0.00000   0.00000   1.00000
    69     2     3     5   4.61648   0.04482   0.20691   0.00000   0.00000   0.00000   1.00000
    70     2     3     6   4.72543   0.04390   0.20744   0.00000   0.00000   0.00000   2.00000
    71     2     3     7   4.04356   0.06425   0.25979   0.00000   0.00000   0.00000   2.00000
    72     2     3     8   0.52253   1.81351   0.94760   0.00000   3.00000   0.00000   8.00000
    73     2     3     9   4.64079   0.05625   0.26104   0.00000   0.00000   0.00000   4.00000
    74     2     4     1   0.70546   1.48060   1.04451   0.00000   1.00000   0.00000   6.00000
    75     2     4     5   1.43196   0.44662   0.63954   1.00000   0.00000   0.00000   3.00000
    76     2     4     6   2.09245   0.22545   0.47174   1.00000   0.00000   0.00000   3.00000
    77     2     4     7   0.95513   0.77377   0.73905   2.00000   1.00000   0.00000   5.00000
    78     2     4     8   0.42120   3.31846   1.39772   0.00000   4.00000   0.00000   9.00000
    79     2     4     9  19.93445   0.00255   0.05081   0.00000   0.00000   0.00000   2.00000
    80     2     5     1   1.39177   0.57947   0.80649   0.00000   0.00000   0.00000   5.00000
    81     2     5     2  26.05891   0.00147   0.03832   0.00000   0.00000   0.00000   1.00000
    82     2     5     5   1.37737   0.60008   0.82653   0.00000   3.00000   0.00000   4.00000
    83     2     5     6   0.36462   2.59612   0.94659   1.00000   2.00000   1.00000   6.00000
    84     2     5     7   0.83196   1.17988   0.98161   1.00000   0.00000   0.00000   6.00000
    85     2     5     8   0.81059   1.35702   1.09999   0.00000   1.00000   0.00000   7.00000
    86     2     5     9   3.40216   0.09801   0.33345   0.00000   0.00000   0.00000   4.00000
    87     2     6     1   0.46205   2.77112   1.28039   3.00000   2.00000   0.00000  10.00000
    88     2     6     2   1.48424   0.54187   0.80426   1.00000   0.00000   0.00000   5.00000
    89     2     6     3 225.84065   0.00002   0.00443   0.00000   0.00000   0.00000   1.00000
    90     2     6     4  46.08913   0.00047   0.02169   0.00000   0.00000   0.00000   1.00000
    91     2     6     6   3.61767   0.08293   0.30002   0.00000   0.00000   0.00000   3.00000
    92     2     6     7   1.58813   0.62468   0.99208   0.00000   2.00000   0.00000   6.00000
    93     2     6     8   0.54654   3.10007   1.69432   3.00000   2.00000   0.00000  11.00000
    94     2     6     9   0.92975   2.11532   1.96672   1.00000   2.00000   0.00000  12.00000
    95     3     1     1   2.01407   0.25031   0.50414   0.00000   0.00000   0.00000   4.00000
    96     3     1     2 225.84065   0.00002   0.00443   0.00000   0.00000   0.00000   1.00000
    97     3     1     5 159.69188   0.00004   0.00626   0.00000   0.00000   0.00000   1.00000
    98     3     1     6  53.22228   0.00035   0.01878   0.00000   0.00000   0.00000   1.00000
    99     3     1     7   1.60692   0.35851   0.57610   0.00000   0.00000   0.00000   3.00000
   100     3     1     8   0.45809   3.60447   1.65118   4.00000   4.00000   0.00000  11.00000
   101     3     1     9   0.78094   2.03327   1.58786   5.00000   3.00000   0.00000   9.00000
   102     3     2     1   0.54324   1.10111   0.59816   0.00000   1.00000   0.00000   4.00000
   103     3     2     2   6.45803   0.02380   0.15371   0.00000   0.00000   0.00000   2.00000
   104     3     2     5   1.88392   0.21982   0.41413   0.00000   0.00000   0.00000   1.00000
   105     3     2     6   1.10328   0.65219   0.71955   2.00000   1.00000   0.00000   4.00000
   106     3     2     7   0.67193   1.12789   0.75786   1.00000   2.00000   0.00000   5.00000
   107     3     2     8   0.60905   2.70313   1.64633   1.00000   2.00000   0.00000   9.00000
   108     3     2     9   1.26172   0.43966   0.55473   0.00000   2.00000   0.00000   4.00000
   109     3     3     1   0.58542   1.38996   0.81371   0.00000   0.00000   0.00000   5.00000
   110     3     3     5   2.64640   0.12934   0.34229   0.00000   0.00000   0.00000   2.00000
   111     3     3     6   1.49109   0.44641   0.66563   0.00000   0.00000   0.00000   4.00000
   112     3     3     7   0.69809   2.52087   1.75979   0.00000   5.00000   0.00000   7.00000
   113     3     3     8   0.65472   1.83500   1.20141   0.00000   1.00000   0.00000   7.00000
   114     3     3     9   1.22873   0.42429   0.52134   0.00000   0.00000   0.00000   4.00000
   115     3     4     1   0.31497   5.44245   1.71418   3.00000   3.00000   0.00000  13.00000
   116     3     4     2   6.09967   0.02617   0.15965   0.00000   0.00000   0.00000   1.00000
   117     3     4     4 130.38660   0.00006   0.00767   0.00000   0.00000   0.00000   1.00000
   118     3     4     5   8.32777   0.01421   0.11837   0.00000   0.00000   0.00000   1.00000
   119     3     4     7   0.31499   3.26911   1.02974   1.00000   4.00000   0.00000   7.00000
   120     3     4     8   0.63493   1.91489   1.21581   0.00000   1.00000   0.00000   8.00000
   121     3     4     9   8.05592   0.01517   0.12225   0.00000   0.00000   0.00000   1.00000
   122     3     5     1   0.55028   2.98641   1.64336   4.00000   2.00000   0.00000  10.00000
   123     3     5     2   4.97455   0.03907   0.19438   0.00000   0.00000   0.00000   2.00000
   124     3     5     3  92.19454   0.00012   0.01085   0.00000   0.00000   0.00000   1.00000
   125     3     5     4  79.84125   0.00016   0.01252   0.00000   0.00000   0.00000   1.00000
   126     3     5     5 100.99505   0.00010   0.00990   0.00000   0.00000   0.00000   1.00000
   127     3     5     6  51.80225   0.00037   0.01930   0.00000   0.00000   0.00000   1.00000
   128     3     5     7   0.91366   0.88027   0.80426   0.00000   1.00000   0.00000   5.00000
   129     3     5     8   4.27835   0.05501   0.23537   0.00000   0.00000   0.00000   2.00000
   130     3     5     9   5.25875   0.03490   0.18352   0.00000   0.00000   0.00000   1.00000
   131     3     6     1   0.44306   4.54255   2.01261   6.00000   2.00000   0.00000  13.00000
   132     3     6     2   0.49170   2.61314   1.28488   2.00000   0.00000   0.00000   8.00000
   133     3     6     3   1.78133   0.28299   0.50410   0.00000   0.00000   0.00000   4.00000
   134     3     6     4   4.12589   0.05548   0.22892   0.00000   1.00000   0.00000   1.00000
   135     3     6     6 100.99505   0.00010   0.00990   0.00000   0.00000   0.00000   1.00000
   136     3     6     7   0.91644   0.74428   0.68209   3.00000   1.00000   0.00000   4.00000
   137     3     6     8   1.42175   0.62553   0.88934   0.00000   1.00000   0.00000   6.00000
   138     3     6     9   0.32108   1.04990   0.33710   1.00000   1.00000   0.00000   5.00000
   139     4     1     1   0.45455   3.49562   1.58894   2.00000   2.00000   0.00000  12.00000
   140     4     1     2   1.03110   0.86564   0.89256   0.00000   0.00000   0.00000   5.00000
   141     4     1     3  22.21491   0.00210   0.04660   0.00000   0.00000   0.00000   2.00000
   142     4     1     5  79.84125   0.00016   0.01252   0.00000   0.00000   0.00000   1.00000
   143     4     1     6   8.77956   0.01441   0.12652   0.00000   0.00000   0.00000   3.00000
   144     4     1     7   7.58645   0.01723   0.13074   0.00000   0.00000   0.00000   2.00000
   145     4     1     8   0.54241   2.91630   1.58183   4.00000   3.00000   0.00000  11.00000
   146     4     1     9   0.54949   2.69144   1.47893   2.00000   1.00000   0.00000  11.00000
   147     4     2     1   2.25032   0.19104   0.42990   0.00000   0.00000   0.00000   3.00000
   148     4     2     2   6.92405   0.03008   0.20824   0.00000   0.00000   0.00000   4.00000
   149     4     2     3  32.92739   0.00092   0.03034   0.00000   0.00000   0.00000   1.00000
   150     4     2     6  10.76958   0.00855   0.09206   0.00000   0.00000   0.00000   1.00000
   151     4     2     7   0.32522   2.54479   0.82761   2.00000   5.00000   0.00000   6.00000
   152     4     2     8   0.67163   1.43849   0.96613   1.00000   1.00000   0.00000   7.00000
   153     4     2     9   0.98470   0.98906   0.97393   3.00000   1.00000   0.00000   6.00000
   154     4     3     1   0.49091   2.07250   1.01740   1.00000   1.00000   0.00000   7.00000
   155     4     3     2   8.60275   0.01333   0.11469   0.00000   0.00000   0.00000   1.00000
   156     4     3     5   3.12915   0.09425   0.29491   0.00000   0.00000   0.00000   2.00000
   157     4     3     6   0.20472   1.04721   0.21439   1.00000   1.00000   1.00000   3.00000
   158     4     3     7   1.16360   0.55640   0.64742   1.00000   0.00000   0.00000   3.00000
   159     4     3     8   0.63826   0.86597   0.55272   1.00000   1.00000   0.00000   3.00000
   160     4     3     9   0.50198   1.62551   0.81597   1.00000   1.00000   0.00000   4.00000
   161     4     4     1   0.41514   5.45764   2.26570   5.00000   0.00000   0.00000  14.00000
   162     4     4     2   2.81086   0.11834   0.33264   0.00000   0.00000   0.00000   3.00000
   163     4     4     3   6.33769   0.02429   0.15395   0.00000   0.00000   0.00000   1.00000
   164     4     4     4 112.91700   0.00008   0.00886   0.00000   0.00000   0.00000   1.00000
   165     4     4     5  34.03240   0.00086   0.02936   0.00000   0.00000   0.00000   1.00000
   166     4     4     6   0.39195   1.14963   0.45060   1.00000   1.00000   0.00000   5.00000
   167     4     4     7   0.61082   1.35132   0.82541   0.00000   3.00000   0.00000   5.00000
   168     4     4     8   6.26550   0.02484   0.15564   0.00000   0.00000   0.00000   1.00000
   169     4     4     9   0.94994   0.67378   0.64005   0.00000   0.00000   0.00000   3.00000
   170     4     5     1   0.22306   7.72628   1.72343   6.00000   8.00000   1.00000  15.00000
   171     4     5     2   0.62324   0.85692   0.53406   1.00000   2.00000   0.00000   3.00000
   172     4     5     3   2.22815   0.16851   0.37547   0.00000   0.00000   0.00000   2.00000
   173     4     5     4   0.03101   0.99904   0.03098   1.00000   1.00000   0.00000   1.00000
   174     4     5     5   7.25875   0.01863   0.13520   0.00000   0.00000   0.00000   1.00000
   175     4     5     6   1.84614   0.29468   0.54401   0.00000   0.00000   0.00000   4.00000
   176     4     5     7   1.29201   0.56467   0.72956   1.00000   0.00000   0.00000   5.00000
   177     4     5     8   0.76722   0.77014   0.59087   2.00000   1.00000   0.00000   4.00000
   178     4     5     9  43.45197   0.00053   0.02300   0.00000   0.00000   0.00000   1.00000
   179     4     6     1   0.16893   9.67186   1.63383   9.00000  11.00000   2.00000  17.00000
   180     4     6     2   0.75876   1.46692   1.11304   1.00000   4.00000   0.00000   7.00000
   181     4     6     3   2.61531   0.20731   0.54219   0.00000   0.00000   0.00000   6.00000
   182     4     6     4  46.08913   0.00047   0.02169   0.00000   0.00000   0.00000   1.00000
   183     4     6     5 100.99505   0.00010   0.00990   0.00000   0.00000   0.00000   1.00000
   184     4     6     7   1.03221   1.23768   1.27755   0.00000   0.00000   0.00000   8.00000
   185     4     6     8   0.31997   2.69777   0.86322   3.00000   2.00000   0.00000   7.00000
   186     4     6     9   5.96606   0.03059   0.18247   0.00000   0.00000   0.00000   3.00000
   187     5     1     1   0.26123   8.15589   2.13056   7.00000   7.00000   0.00000  16.00000
   188     5     1     2   1.73179   0.39447   0.68314   3.00000   0.00000   0.00000   5.00000
   189     5     1     5   9.52696   0.01180   0.11244   0.00000   0.00000   0.00000   2.00000
   190     5     1     6   0.93346   1.04282   0.97343   1.00000   0.00000   0.00000   7.00000
   191     5     1     7   0.50797   2.26174   1.14889   1.00000   1.00000   0.00000   7.00000
   192     5     1     8   0.16783   9.86295   1.65526  10.00000  10.00000   3.00000  17.00000
   193     5     1     9   0.27185   7.86435   2.13796  10.00000   7.00000   0.00000  16.00000
   194     5     2     1   0.64028   1.94303   1.24408   1.00000   3.00000   0.00000   8.00000
   195     5     2     2  30.14499   0.00114   0.03428   0.00000   0.00000   0.00000   2.00000
   196     5     2     4  19.26913   0.00269   0.05176   0.00000   0.00000   0.00000   1.00000
   197     5     2     5  10.84499   0.00847   0.09185   0.00000   0.00000   0.00000   2.00000
   198     5     2     6   1.07259   0.74899   0.80335   0.00000   0.00000   0.00000   4.00000
   199     5     2     7   0.51957   2.05946   1.07003   1.00000   1.00000   0.00000   7.00000
   200     5     2     8   0.82336   1.51916   1.25082   2.00000   0.00000   0.00000   7.00000
   201     5     2     9   0.38394   5.52334   2.12061   7.00000   5.00000   0.00000  14.00000
   202     5     3     1   1.27132   0.53697   0.68266   0.00000   1.00000   0.00000   3.00000
   203     5     3     2  54.76581   0.00033   0.01825   0.00000   0.00000   0.00000   1.00000
   204     5     3     3   4.15630   0.05472   0.22743   1.00000   0.00000   0.00000   1.00000
   205     5     3     4   1.26056   0.70177   0.88463   0.00000   1.00000   0.00000   4.00000
   206     5     3     5   1.16895   1.42302   1.66344   0.00000   3.00000   0.00000   8.00000
   207     5     3     6   0.31759   4.38118   1.39141   2.00000   7.00000   0.00000  11.00000
   208     5     3     7   0.68445   1.14279   0.78218   2.00000   1.00000   0.00000   4.00000
   209     5     3     8   1.08662   0.47086   0.51164   0.00000   1.00000   0.00000   3.00000
   210     5     3     9   1.77250   0.35879   0.63595   0.00000   0.00000   0.00000   4.00000
   211     5     4     1   1.06141   0.79710   0.84605   2.00000   1.00000   0.00000   5.00000
   212     5     4     2   9.03693   0.01210   0.10932   0.00000   0.00000   0.00000   1.00000
   213     5     4     3  13.53269   0.00543   0.07349   0.00000   0.00000   0.00000   1.00000
   214     5     4     4  60.35075   0.00027   0.01657   0.00000   0.00000   0.00000   1.00000
   215     5     4     5   0.89817   1.97902   1.77751   0.00000   4.00000   0.00000   7.00000
   216     5     4     6   0.23188   6.31091   1.46335   4.00000   5.00000   1.00000  12.00000
   217     5     4     7   0.31675   2.78155   0.88107   2.00000   4.00000   1.00000   7.00000
   218     5     4     8   8.04538   0.01521   0.12240   0.00000   0.00000   0.00000   1.00000
   219     5     4     9   2.11289   0.22161   0.46823   1.00000   0.00000   0.00000   3.00000
   220     5     5     1   1.03531   0.99869   1.03395   2.00000   2.00000   0.00000   7.00000
   221     5     5     2   3.78718   0.06825   0.25847   0.00000   0.00000   0.00000   2.00000
   222     5     5     3  12.87179   0.00600   0.07722   0.00000   0.00000   0.00000   1.00000
   223     5     5     4   2.01495   0.19763   0.39821   0.00000   0.00000   0.00000   1.00000
   224     5     5     5   2.62896   0.12648   0.33250   0.00000   0.00000   0.00000   2.00000
   225     5     5     6   0.44709   1.84992   0.82707   1.00000   2.00000   0.00000   6.00000
   226     5     5     7   0.43548   2.13518   0.92984   2.00000   2.00000   0.00000   6.00000
   227     5     5     8   1.72470   0.33299   0.57430   0.00000   2.00000   0.00000   4.00000
   228     5     5     9   3.77679   0.07135   0.26946   1.00000   0.00000   0.00000   3.00000
   229     5     6     1   0.29572   6.13754   1.81501   6.00000   8.00000   0.00000  14.00000
   230     5     6     2   1.85805   0.29858   0.55477   1.00000   1.00000   0.00000   4.00000
   231     5     6     3  11.55759   0.00743   0.08588   0.00000   0.00000   0.00000   1.00000
   232     5     6     4 159.69188   0.00004   0.00626   0.00000   0.00000   0.00000   1.00000
   233     5     6     5 225.84065   0.00002   0.00443   0.00000   0.00000   0.00000   1.00000
   234     5     6     6  35.69489   0.00078   0.02799   0.00000   0.00000   0.00000   1.00000
   235     5     6     7   0.48470   3.39116   1.64370   2.00000   2.00000   0.00000  11.00000
   236     5     6     8   0.44681   3.14575   1.40555   4.00000   5.00000   0.00000  10.00000
   237     5     6     9   0.64864   2.31695   1.50287   5.00000   2.00000   0.00000  10.00000
   238     6     1     1   0.35820   4.54263   1.62718   4.00000   1.00000   0.00000  11.00000
   239     6     1     2  13.02220   0.00590   0.07685   0.00000   0.00000   0.00000   2.00000
   240     6     1     5   8.20696   0.01486   0.12197   0.00000   0.00000   0.00000   2.00000
   241     6     1     6   0.64703   1.38532   0.89634   0.00000   3.00000   0.00000   7.00000
   242     6     1     7   0.55430   3.73881   2.07244   0.00000   6.00000   0.00000  12.00000
   243     6     1     8   0.20517   9.35257   1.91885   8.00000  10.00000   1.00000  17.00000
   244     6     1     9   0.15440  10.61804   1.63946   9.00000  13.00000   4.00000  17.00000
   245     6     2     1   0.47401   1.91609   0.90825   3.00000   2.00000   0.00000   8.00000
   246     6     2     2   4.83476   0.04213   0.20370   0.00000   0.00000   0.00000   2.00000
   247     6     2     3   0.61821   1.14144   0.70565   1.00000   1.00000   0.00000   5.00000
   248     6     2     4   0.61798   0.79653   0.49224   0.00000   1.00000   0.00000   4.00000
   249     6     2     5   3.43269   0.09168   0.31470   1.00000   0.00000   0.00000   4.00000
   250     6     2     6   0.97287   0.81710   0.79493   1.00000   1.00000   0.00000   5.00000
   251     6     2     7   0.54217   4.15718   2.25390   6.00000   1.00000   0.00000  11.00000
   252     6     2     8   0.32792   6.39902   2.09839   7.00000   7.00000   0.00000  15.00000
   253     6     2     9   0.16638  10.19731   1.69661  10.00000  11.00000   3.00000  18.00000
   254     6     3     1   0.21513   0.97777   0.21035   1.00000   1.00000   0.00000   3.00000
   255     6     3     2   4.17957   0.05499   0.22985   0.00000   0.00000   0.00000   2.00000
   256     6     3     3   1.27420   0.69552   0.88623   3.00000   3.00000   0.00000   5.00000
   257     6     3     4   0.31035   3.46058   1.07401   3.00000   3.00000   0.00000   8.00000
   258     6     3     5   1.26564   1.53452   1.94214   0.00000   4.00000   0.00000  10.00000
   259     6     3     6   1.81799   0.30350   0.55176   0.00000   0.00000   0.00000   4.00000
   260     6     3     7   0.52965   2.48550   1.31646   1.00000   3.00000   0.00000   8.00000
   261     6     3     8   0.42629   2.51677   1.07287   0.00000   2.00000   0.00000   8.00000
   262     6     3     9   0.46579   4.14712   1.93168   8.00000   4.00000   0.00000  12.00000
   263     6     4     1   1.98710   0.20494   0.40724   0.00000   0.00000   0.00000   2.00000
   264     6     4     4   1.54089   0.47670   0.73454   0.00000   0.00000   0.00000   3.00000
   265     6     4     5   1.39843   0.47450   0.66356   0.00000   1.00000   0.00000   3.00000
   266     6     4     6   1.10587   0.98379   1.08793   0.00000   3.00000   0.00000   6.00000
   267     6     4     7   0.53020   2.14975   1.13979   1.00000   2.00000   0.00000   8.00000
   268     6     4     8   1.42406   0.45988   0.65489   0.00000   0.00000   0.00000   5.00000
   269     6     4     9   0.32530   4.12144   1.34070   6.00000   5.00000   0.00000  11.00000
   270     6     5     1   0.88037   0.88242   0.77686   0.00000   1.00000   0.00000   5.00000
   271     6     5     2  15.66245   0.00414   0.06479   0.00000   0.00000   0.00000   2.00000
   272     6     5     4   1.19799   0.41065   0.49195   0.00000   1.00000   0.00000   1.00000
   273     6     5     5   1.31682   0.37087   0.48836   1.00000   0.00000   0.00000   2.00000
   274     6     5     6   1.20711   0.66639   0.80440   0.00000   1.00000   0.00000   5.00000
   275     6     5     7   0.37442   3.75638   1.40646   1.00000   6.00000   0.00000   9.00000
   276     6     5     8   0.50582   1.78737   0.90410   0.00000   4.00000   0.00000   7.00000
   277     6     5     9   0.57696   2.95738   1.70628   5.00000   3.00000   0.00000  10.00000
   278     6     6     1   0.36296   5.21535   1.89295   4.00000   6.00000   0.00000  12.00000
   279     6     6     2   0.94681   1.29074   1.22209   0.00000   5.00000   0.00000   8.00000
   280     6     6     3  17.99503   0.00312   0.05610   0.00000   0.00000   0.00000   2.00000
   281     6     6     4  10.80715   0.00849   0.09175   0.00000   0.00000   0.00000   1.00000
   282     6     6     5   0.91088   0.54685   0.49812   0.00000   1.00000   0.00000   2.00000
   283     6     6     6   1.04848   0.76422   0.80126   2.00000   1.00000   0.00000   5.00000
   284     6     6     7   0.24976   5.88956   1.47098   5.00000   6.00000   1.00000  13.00000
   285     6     6     8   0.36021   6.71566   2.41902   4.00000   9.00000   0.00000  15.00000
   286     6     6     9   0.19266   8.62621   1.66197   9.00000  13.00000   3.00000  17.00000
   287     7     1     1   0.37126   5.04282   1.87218   7.00000   3.00000   0.00000  12.00000
   288     7     1     2   0.80406   0.72171   0.58030   0.00000   1.00000   0.00000   3.00000
   289     7     1     5  68.08684   0.00022   0.01468   0.00000   0.00000   0.00000   1.00000
   290     7     1     6   0.77488   1.07966   0.83661   0.00000   1.00000   0.00000   4.00000
   291     7     1     7   0.42586   3.88021   1.65242   4.00000   4.00000   0.00000  12.00000
   292     7     1     8   0.17364  10.05445   1.74589   8.00000  13.00000   3.00000  17.00000
   293     7     1     9   0.15421  10.58804   1.63283  10.00000  13.00000   4.00000  17.00000
   294     7     2     1   0.25584   4.57898   1.17149   5.00000   3.00000   1.00000  10.00000
   295     7     2     2   0.95880   0.79226   0.75962   1.00000   1.00000   0.00000   3.00000
   296     7     2     3   2.75658   0.15395   0.42436   0.00000   0.00000   0.00000   3.00000
   297     7     2     4  51.80225   0.00037   0.01930   0.00000   0.00000   0.00000   1.00000
   298     7     2     5   8.58996   0.01337   0.11486   0.00000   0.00000   0.00000   1.00000
   299     7     2     6   1.83165   0.24762   0.45356   0.00000   0.00000   0.00000   3.00000
   300     7     2     7   0.56672   1.66607   0.94419   3.00000   2.00000   0.00000   6.00000
   301     7     2     8   0.15262  10.42506   1.59108  10.00000   7.00000   4.00000  18.00000
   302     7     2     9   0.15361  10.61055   1.62985  10.00000  11.00000   4.00000  17.00000
   303     7     3     1   0.82224   0.93056   0.76514   0.00000   0.00000   0.00000   5.00000
   304     7     3     2   0.94222   0.73806   0.69542   2.00000   2.00000   0.00000   2.00000
   305     7     3     3   1.61938   0.32934   0.53333   0.00000   0.00000   0.00000   3.00000
   306     7     3     4  13.82905   0.00557   0.07700   0.00000   0.00000   0.00000   2.00000
   307     7     3     5   6.77542   0.02251   0.15250   0.00000   0.00000   0.00000   2.00000
   308     7     3     6   7.79411   0.01676   0.13065   0.00000   1.00000   0.00000   2.00000
   309     7     3     7   1.08510   0.81957   0.88931   1.00000   0.00000   0.00000   5.00000
   310     7     3     8   0.26467   6.70011   1.77333   9.00000   5.00000   0.00000  13.00000
   311     7     3     9   0.15578  10.47821   1.63229  11.00000  11.00000   4.00000  17.00000
   312     7     4     1   0.91029   0.73038   0.66486   0.00000   1.00000   0.00000   4.00000
   313     7     4     6   6.76710   0.02137   0.14462   0.00000   0.00000   0.00000   1.00000
   314     7     4     7   1.45519   0.40955   0.59597   0.00000   1.00000   0.00000   3.00000
   315     7     4     8   0.32395   4.06278   1.31615   4.00000   3.00000   0.00000  10.00000
   316     7     4     9   0.15176  10.56767   1.60375  13.00000  10.00000   3.00000  17.00000
   317     7     5     1   0.38191   3.41725   1.30507   2.00000   4.00000   0.00000  10.00000
   318     7     5     2  54.46146   0.00037   0.02029   0.00000   0.00000   0.00000   2.00000
   319     7     5     5   4.60037   0.04707   0.21656   0.00000   0.00000   0.00000   2.00000
   320     7     5     6   0.67915   1.82233   1.23763   0.00000   2.00000   0.00000   7.00000
   321     7     5     7   0.48772   2.94830   1.43793   1.00000   2.00000   0.00000   9.00000
   322     7     5     8   0.89072   1.47356   1.31253   2.00000   1.00000   0.00000   9.00000
   323     7     5     9   0.25428   7.79527   1.98216   8.00000   5.00000   1.00000  15.00000
   324     7     6     1   0.25734   6.19228   1.59351   6.00000   6.00000   0.00000  13.00000
   325     7     6     2   0.88763   1.24009   1.10075   2.00000   1.00000   0.00000   7.00000
   326     7     6     3  22.43200   0.00220   0.04926   0.00000   0.00000   0.00000   2.00000
   327     7     6     4 159.69188   0.00004   0.00626   0.00000   0.00000   0.00000   1.00000
   328     7     6     5  11.19097   0.00800   0.08952   0.00000   0.00000   0.00000   2.00000
   329     7     6     6   1.01770   1.00018   1.01788   0.00000   0.00000   0.00000   6.00000
   330     7     6     7   0.43850   5.69229   2.49605   1.00000   8.00000   0.00000  15.00000
   331     7     6     8   0.70700   3.61170   2.55348   2.00000   8.00000   0.00000  13.00000
   332     7     6     9   0.20850   8.25074   1.72030   7.00000   7.00000   2.00000  16.00000
   333     8     1     1   0.39101   4.21768   1.64914   3.00000   1.00000   0.00000  12.00000
   334     8     1     2   0.54086   1.34934   0.72980   1.00000   2.00000   0.00000   5.00000
   335     8     1     5  20.01535   0.00249   0.04984   0.00000   0.00000   0.00000   1.00000
   336     8     1     6   0.86382   0.97736   0.84426   0.00000   0.00000   0.00000   5.00000
   337     8     1     7   0.17448   9.84594   1.71788  10.00000  10.00000   2.00000  17.00000
   338     8     1     8   0.15416  10.61051   1.63569  11.00000  10.00000   4.00000  18.00000
   339     8     1     9   0.15427  10.58453   1.63283  10.00000  12.00000   4.00000  17.00000
   340     8     2     1   0.48578   3.25756   1.58247   2.00000   5.00000   0.00000  10.00000
   341     8     2     2   6.41313   0.02431   0.15591   0.00000   0.00000   0.00000   2.00000
   342     8     2     3  62.62956   0.00025   0.01596   0.00000   0.00000   0.00000   1.00000
   343     8     2     4  29.38523   0.00116   0.03399   0.00000   0.00000   0.00000   1.00000
   344     8     2     5 112.91700   0.00008   0.00886   0.00000   0.00000   0.00000   1.00000
   345     8     2     6   4.34435   0.05243   0.22776   0.00000   0.00000   0.00000   2.00000
   346     8     2     7   0.19482   7.61870   1.48430   8.00000   5.00000   2.00000  14.00000
   347     8     2     8   0.15302  10.66329   1.63166   9.00000  11.00000   3.00000  18.00000
   348     8     2     9   0.15471  10.57985   1.63684  10.00000  14.00000   4.00000  18.00000
   349     8     3     1   0.32587   4.92126   1.60368   4.00000   5.00000   1.00000  10.00000
   350     8     3     2  11.21556   0.00833   0.09345   0.00000   0.00000   0.00000   2.00000
   351     8     3     4   4.48165   0.04743   0.21255   0.00000   1.00000   0.00000   1.00000
   352     8     3     5   9.02953   0.01212   0.10941   0.00000   0.00000   0.00000   1.00000
   353     8     3     6 225.84065   0.00002   0.00443   0.00000   0.00000   0.00000   1.00000
   354     8     3     7   0.35814   3.51866   1.26019   3.00000   3.00000   0.00000   9.00000
   355     8     3     8   0.23356   8.27529   1.93279  10.00000   9.00000   1.00000  16.00000
   356     8     3     9   0.15427  10.59798   1.63497  10.00000  11.00000   4.00000  18.00000
   357     8     4     1   1.24208   0.53110   0.65968   0.00000   1.00000   0.00000   3.00000
   358     8     4     2  45.15750   0.00049   0.02213   0.00000   0.00000   0.00000   1.00000
   359     8     4     5   1.99316   0.20110   0.40082   0.00000   1.00000   0.00000   1.00000
   360     8     4     6   2.06428   0.20672   0.42674   1.00000   0.00000   0.00000   3.00000
   361     8     4     7   0.77964   0.78469   0.61177   0.00000   1.00000   0.00000   4.00000
   362     8     4     8   0.31899   5.14683   1.64178   3.00000   7.00000   0.00000  12.00000
   363     8     4     9   0.16056  10.35812   1.66310  10.00000   6.00000   4.00000  17.00000
   364     8     5     1   3.20620   0.10309   0.33052   0.00000   0.00000   0.00000   4.00000
   365     8     5     2  17.04280   0.00343   0.05847   0.00000   0.00000   0.00000   1.00000
   366     8     5     6   2.90765   0.11093   0.32255   0.00000   0.00000   0.00000   3.00000
   367     8     5     7   0.46631   2.69170   1.25518   1.00000   3.00000   0.00000   9.00000
   368     8     5     8   0.64336   3.28713   2.11481   5.00000   2.00000   0.00000  12.00000
   369     8     5     9   0.27036   7.86950   2.12757   8.00000   3.00000   1.00000  16.00000
   370     8     6     1   0.33650   4.89468   1.64707   5.00000   7.00000   0.00000  12.00000
   371     8     6     2   2.54241   0.16865   0.42878   0.00000   0.00000   0.00000   4.00000
   372     8     6     3 130.38660   0.00006   0.00767   0.00000   0.00000   0.00000   1.00000
   373     8     6     5 159.69188   0.00004   0.00626   0.00000   0.00000   0.00000   1.00000
   374     8     6     6   1.74085   0.33879   0.58978   0.00000   1.00000   0.00000   5.00000
   375     8     6     7   0.54297   3.34722   1.81743   2.00000   5.00000   0.00000  11.00000
   376     8     6     8   0.34920   6.11797   2.13642   5.00000   8.00000   0.00000  14.00000
   377     8     6     9   0.18456   9.55575   1.76357  11.00000  10.00000   2.00000  17.00000
   378     9     1     1   0.20300   9.42525   1.91334   9.00000  11.00000   2.00000  17.00000
   379     9     1     2   0.91685   1.68534   1.54521   4.00000   0.00000   0.00000   9.00000
   380     9     1     3   3.20711   0.09689   0.31074   0.00000   0.00000   0.00000   3.00000
   381     9     1     5   1.17448   0.42102   0.49448   1.00000   0.00000   0.00000   2.00000
   382     9     1     6   0.89628   1.38165   1.23835   1.00000   2.00000   0.00000   8.00000
   383     9     1     7   0.20587   9.33322   1.92139  10.00000  12.00000   1.00000  16.00000
   384     9     1     8   0.15428  10.58455   1.63296  11.00000  12.00000   3.00000  17.00000
   385     9     1     9   0.15500  10.56861   1.63810  10.00000  11.00000   3.00000  18.00000
   386     9     2     1   0.53862   3.35563   1.80740   7.00000   5.00000   0.00000  11.00000
   387     9     2     2   4.70855   0.04547   0.21408   0.00000   0.00000   0.00000   2.00000
   388     9     2     6   1.21821   0.57447   0.69983   1.00000   1.00000   0.00000   4.00000
   389     9     2     7   0.28730   7.29501   2.09585   9.00000   7.00000   0.00000  15.00000
   390     9     2     8   0.15332  10.58508   1.62287  12.00000  10.00000   4.00000  18.00000
   391     9     2     9   0.15430  10.58512   1.63324  11.00000   8.00000   4.00000  17.00000
   392     9     3     1   1.05738   0.62180   0.65748   0.00000   1.00000   0.00000   3.00000
   393     9     3     2  10.75715   0.00857   0.09216   0.00000   0.00000   0.00000   1.00000
   394     9     3     4 130.38660   0.00006   0.00767   0.00000   0.00000   0.00000   1.00000
   395     9     3     5   5.36750   0.03355   0.18006   0.00000   0.00000   0.00000   1.00000
   396     9     3     6  48.13947   0.00043   0.02076   0.00000   0.00000   0.00000   1.00000
   397     9     3     7   0.57297   2.04613   1.17237   0.00000   1.00000   0.00000   8.00000
   398     9     3     8   0.15597  10.38312   1.61943  11.00000  11.00000   4.00000  17.00000
   399     9     3     9   0.15355  10.59175   1.62635  13.00000  11.00000   4.00000  18.00000
   400     9     4     1   0.48190   2.30344   1.11003   1.00000   0.00000   0.00000   8.00000
   401     9     4     2   3.87727   0.06288   0.24379   0.00000   0.00000   0.00000   2.00000
   402     9     4     5   4.10529   0.06229   0.25571   0.00000   0.00000   0.00000   2.00000
   403     9     4     6   1.33505   0.73342   0.97915   0.00000   0.00000   0.00000   4.00000
   404     9     4     7   0.60053   1.61329   0.96883   1.00000   0.00000   0.00000   6.00000
   405     9     4     8   0.17756   8.74869   1.55341  11.00000  10.00000   2.00000  15.00000
   406     9     4     9   0.15245  10.59106   1.61460  12.00000  10.00000   4.00000  18.00000
   407     9     5     1   0.25286   6.93358   1.75319   7.00000   7.00000   0.00000  14.00000
   408     9     5     2   1.92106   0.28505   0.54760   0.00000   1.00000   0.00000   4.00000
   409     9     5     5   2.54422   0.14767   0.37571   0.00000   0.00000   0.00000   2.00000
   410     9     5     6   1.93398   0.39655   0.76692   0.00000   0.00000   0.00000   4.00000
   411     9     5     7   0.73190   1.36451   0.99869   1.00000   0.00000   0.00000   6.00000
   412     9     5     8   0.33050   5.90311   1.95099   5.00000   5.00000   0.00000  14.00000
   413     9     5     9   0.16055  10.32473   1.65764  10.00000  11.00000   4.00000  17.00000
   414     9     6     1   0.29636   8.01774   2.37610   7.00000   5.00000   0.00000  17.00000
   415     9     6     2   0.61001   2.11173   1.28818   1.00000   2.00000   0.00000   8.00000
   416     9     6     5   7.76063   0.01645   0.12766   0.00000   0.00000   0.00000   2.00000
   417     9     6     6   1.17336   0.64276   0.75419   0.00000   1.00000   0.00000   5.00000
   418     9     6     7   0.31033   5.93432   1.84160   3.00000   7.00000   0.00000  14.00000
   419     9     6     8   0.29759   7.85629   2.33793   6.00000   9.00000   0.00000  16.00000
   420     9     6     9   0.15464  10.60639   1.64022  12.00000  10.00000   4.00000  17.00000
