     1     1     1     1   0.34994   5.73645   2.00739   5.00000   4.00000   1.00000  12.00000
     2     1     1     2   1.57346   1.64860   2.59400   5.00000   0.00000   0.00000  11.00000
     3     1     1     3   2.23585   0.82056   1.83465   0.00000   0.00000   0.00000   9.00000
     4     1     1     4  23.10844   0.00187   0.04319   0.00000   0.00000   0.00000   1.00000
     5     1     1     5  23.10844   0.00187   0.04319   0.00000   0.00000   0.00000   1.00000
     6     1     1     6   1.88971   0.39626   0.74882   2.00000   0.00000   0.00000   4.00000
     7     1     1     7   0.48023   4.78318   2.29703   6.00000   4.00000   0.00000  10.00000
     8     1     1     8   0.44493   5.39813   2.40179   7.00000   3.00000   0.00000  12.00000
     9     1     1     9   0.60335   3.58692   2.16415   2.00000   7.00000   0.00000  11.00000
    10     1     2     1   0.26385   7.84486   2.06987   7.00000   7.00000   2.00000  14.00000
    11     1     2     2   1.64110   0.83178   1.36502   5.00000   0.00000   0.00000   7.00000
    12     1     2     3   2.07477   0.24112   0.50027   0.00000   0.00000   0.00000   3.00000
    13     1     2     4  23.10844   0.00187   0.04319   0.00000   0.00000   0.00000   1.00000
    14     1     2     6   1.62238   0.47477   0.77025   1.00000   0.00000   0.00000   3.00000
    15     1     2     7   0.39556   4.06168   1.60662   6.00000   4.00000   0.00000   8.00000
    16     1     2     8   0.27497   6.69533   1.84104   3.00000   7.00000   2.00000  11.00000
    17     1     2     9   0.83340   2.38318   1.98614   7.00000   4.00000   0.00000  10.00000
    18     1     3     1   0.19305   8.99439   1.73635   8.00000  12.00000   5.00000  14.00000
    19     1     3     2   1.29569   0.41682   0.54007   1.00000   0.00000   0.00000   3.00000
    20     1     3     3   4.94734   0.03925   0.19419   0.00000   0.00000   0.00000   1.00000
    21     1     3     6   3.42225   0.08224   0.28146   0.00000   0.00000   0.00000   2.00000
    22     1     3     7   0.39521   2.72523   1.07704   3.00000   2.00000   0.00000   5.00000
    23     1     3     8   0.25118   5.44299   1.36718   6.00000   7.00000   2.00000   9.00000
    24     1     3     9   0.37639   4.98692   1.87702   5.00000   5.00000   0.00000  10.00000
    25     1     4     1   0.19174   8.24112   1.58019   9.00000   7.00000   3.00000  14.00000
    26     1     4     2   1.10047   0.79626   0.87626   1.00000   1.00000   0.00000   5.00000
    27     1     4     3   5.12896   0.04299   0.22050   0.00000   0.00000   0.00000   2.00000
    28     1     4     5  23.10844   0.00187   0.04319   0.00000   0.00000   0.00000   1.00000
    29     1     4     6   5.21132   0.03551   0.18508   0.00000   0.00000   0.00000   1.00000
    30     1     4     7   0.57388   2.11589   1.21426   3.00000   2.00000   0.00000   6.00000
    31     1     4     8   0.29602   5.11402   1.51383   4.00000   3.00000   1.00000  10.00000
    32     1     4     9   0.30499   7.36262   2.24551   9.00000   9.00000   3.00000  14.00000
    33     1     5     1   0.71090   3.49346   2.48349   9.00000   4.00000   0.00000  10.00000
    34     1     5     2   1.36089   0.57757   0.78601   3.00000   3.00000   0.00000   5.00000
    35     1     5     3  16.32483   0.00374   0.06103   0.00000   0.00000   0.00000   1.00000
    36     1     5     4  23.10844   0.00187   0.04319   0.00000   0.00000   0.00000   1.00000
    37     1     5     5   5.69539   0.02991   0.17033   0.00000   0.00000   0.00000   1.00000
    38     1     5     6   0.82757   1.33271   1.10291   5.00000   1.00000   0.00000   7.00000
    39     1     5     7   0.37095   6.14579   2.27979   8.00000   4.00000   0.00000  14.00000
    40     1     5     8   0.19629   9.25421   1.81655  12.00000  11.00000   5.00000  15.00000
    41     1     5     9   0.28364   8.20374   2.32692  11.00000   6.00000   3.00000  15.00000
    42     1     6     1   0.55784   2.49907   1.39408   5.00000   3.00000   0.00000   7.00000
    43     1     6     2   3.61648   0.07103   0.25687   1.00000   0.00000   0.00000   1.00000
    44     1     6     3  23.10844   0.00187   0.04319   0.00000   0.00000   0.00000   1.00000
    45     1     6     5  16.32483   0.00374   0.06103   0.00000   0.00000   0.00000   1.00000
    46     1     6     6   1.45626   0.56449   0.82204   0.00000   0.00000   0.00000   5.00000
    47     1     6     7   0.60378   3.56822   2.15444   6.00000   6.00000   0.00000  13.00000
    48     1     6     8   0.15523  10.35701   1.60770  12.00000  10.00000   6.00000  15.00000
    49     1     6     9   0.16807  10.26168   1.72467   9.00000  11.00000   5.00000  17.00000
    50     2     1     1   0.55620   2.74206   1.52512   5.00000   1.00000   0.00000  10.00000
    51     2     1     2   1.72914   0.73271   1.26696   3.00000   0.00000   0.00000   7.00000
    52     2     1     3   3.48689   0.39439   1.37520   3.00000   0.00000   0.00000   9.00000
    53     2     1     7   1.30864   0.62617   0.81943   2.00000   0.00000   0.00000   4.00000
    54     2     1     8   0.59746   2.62804   1.57015   2.00000   2.00000   0.00000   9.00000
    55     2     1     9   0.84799   2.61495   2.21747   0.00000   3.00000   0.00000   9.00000
    56     2     2     1   1.02037   1.13832   1.16150   0.00000   2.00000   0.00000   4.00000
    57     2     2     2   1.10007   0.45981   0.50583   0.00000   0.00000   0.00000   2.00000
    58     2     2     3   2.08567   0.18692   0.38984   0.00000   1.00000   0.00000   1.00000
    59     2     2     4   2.53585   0.13458   0.34127   0.00000   0.00000   0.00000   1.00000
    60     2     2     5   0.62416   0.72336   0.45149   1.00000   0.00000   0.00000   2.00000
    61     2     2     6   6.60177   0.02243   0.14808   1.00000   0.00000   0.00000   1.00000
    62     2     2     7   0.44208   1.47477   0.65197   1.00000   1.00000   1.00000   4.00000
    63     2     2     8   0.31601   4.34579   1.37333   2.00000   6.00000   0.00000   9.00000
    64     2     2     9   2.27987   0.18131   0.41336   0.00000   0.00000   0.00000   2.00000
    65     2     3     1   0.51036   3.68598   1.88116   0.00000   3.00000   0.00000   8.00000
    66     2     3     2   3.47114   0.07664   0.26601   0.00000   0.00000   0.00000   1.00000
    67     2     3     3   5.52002   0.03178   0.17540   0.00000   0.00000   0.00000   1.00000
    68     2     3     4   2.19436   0.17196   0.37735   0.00000   0.00000   0.00000   1.00000
    69     2     3     5   0.57220   0.76075   0.43530   0.00000   1.00000   0.00000   2.00000
    70     2     3     6   3.04538   0.10093   0.30738   1.00000   0.00000   0.00000   2.00000
    71     2     3     7   3.96469   0.05981   0.23714   0.00000   0.00000   0.00000   1.00000
    72     2     3     8   0.62223   1.48972   0.92695   1.00000   2.00000   0.00000   5.00000
    73     2     3     9   4.82889   0.04112   0.19857   0.00000   0.00000   0.00000   1.00000
    74     2     4     1   0.39266   2.89159   1.13542   3.00000   2.00000   0.00000   7.00000
    75     2     4     2  11.52172   0.00748   0.08614   0.00000   0.00000   0.00000   1.00000
    76     2     4     3   0.49860   1.19065   0.59366   1.00000   1.00000   0.00000   3.00000
    77     2     4     4   2.12516   0.21308   0.45284   1.00000   0.00000   0.00000   2.00000
    78     2     4     5   9.38971   0.01121   0.10531   0.00000   0.00000   0.00000   1.00000
    79     2     4     6  10.29563   0.00935   0.09622   0.00000   0.00000   0.00000   1.00000
    80     2     4     7   1.00594   0.76262   0.76714   0.00000   0.00000   0.00000   3.00000
    81     2     4     8   0.70726   2.35888   1.66834   5.00000   2.00000   0.00000   7.00000
    82     2     4     9   5.57674   0.03738   0.20848   0.00000   0.00000   0.00000   2.00000
    83     2     5     1   1.01854   1.19439   1.21654   2.00000   0.00000   0.00000   6.00000
    84     2     5     5   0.77711   2.45981   1.91154   2.00000   1.00000   0.00000   8.00000
    85     2     5     6   0.36881   3.71589   1.37046   7.00000   5.00000   0.00000  11.00000
    86     2     5     7   0.77069   2.08972   1.61053   4.00000   1.00000   0.00000   6.00000
    87     2     5     8   0.57002   3.16822   1.80594   5.00000   4.00000   0.00000   9.00000
    88     2     5     9   1.09915   1.44860   1.59223   5.00000   0.00000   0.00000   8.00000
    89     2     6     1   1.06186   1.10467   1.17301   3.00000   2.00000   0.00000   7.00000
    90     2     6     5   3.46460   0.08972   0.31084   0.00000   0.00000   0.00000   2.00000
    91     2     6     6   1.30538   0.58318   0.76127   1.00000   1.00000   0.00000   4.00000
    92     2     6     7   0.33470   4.39065   1.46954   2.00000  10.00000   0.00000  10.00000
    93     2     6     8   0.22674   7.22056   1.63717  11.00000   5.00000   3.00000  12.00000
    94     2     6     9   0.31472   8.34579   2.62662  13.00000   7.00000   2.00000  17.00000
    95     3     1     1   0.33779   7.07850   2.39107  10.00000   9.00000   1.00000  15.00000
    96     3     1     2   0.90966   2.77944   2.52833   9.00000   2.00000   0.00000  13.00000
    97     3     1     3   2.61212   0.71589   1.86999   7.00000   0.00000   0.00000  11.00000
    98     3     1     4  13.31666   0.00561   0.07467   0.00000   0.00000   0.00000   1.00000
    99     3     1     7   0.97316   0.81682   0.79490   2.00000   1.00000   0.00000   3.00000
   100     3     1     8   0.64615   2.28598   1.47708   0.00000   3.00000   0.00000   8.00000
   101     3     1     9   0.49665   3.38318   1.68026   2.00000   5.00000   0.00000   8.00000
   102     3     2     1   1.62537   0.69533   1.13016   4.00000   0.00000   0.00000   6.00000
   103     3     2     2   3.74553   0.21682   0.81211   2.00000   0.00000   0.00000   6.00000
   104     3     2     3   3.10835   0.15327   0.47642   0.00000   0.00000   0.00000   3.00000
   105     3     2     4  11.52172   0.00748   0.08614   0.00000   0.00000   0.00000   1.00000
   106     3     2     5   6.10035   0.02617   0.15964   0.00000   0.00000   0.00000   1.00000
   107     3     2     6   1.21492   0.41121   0.49959   1.00000   0.00000   0.00000   2.00000
   108     3     2     7   1.97290   0.33458   0.66009   0.00000   0.00000   0.00000   3.00000
   109     3     2     8   0.89857   0.82804   0.74405   1.00000   2.00000   0.00000   4.00000
   110     3     2     9   1.20163   0.65794   0.79060   0.00000   2.00000   0.00000   4.00000
   111     3     3     1   0.57164   0.89533   0.51180   0.00000   1.00000   0.00000   2.00000
   112     3     3     2  13.31666   0.00561   0.07467   0.00000   0.00000   0.00000   1.00000
   113     3     3     4   3.14934   0.09159   0.28844   1.00000   0.00000   0.00000   1.00000
   114     3     3     5  11.52172   0.00748   0.08614   0.00000   0.00000   0.00000   1.00000
   115     3     3     6   0.98237   0.97383   0.95666   0.00000   3.00000   0.00000   3.00000
   116     3     3     7   0.94958   1.13645   1.07915   0.00000   1.00000   0.00000   3.00000
   117     3     3     8   0.55696   1.50467   0.83804   2.00000   2.00000   0.00000   4.00000
   118     3     3     9   1.50389   0.33084   0.49755   0.00000   0.00000   0.00000   2.00000
   119     3     4     1   0.65838   2.02056   1.33029   0.00000   2.00000   0.00000   7.00000
   120     3     4     3   0.78467   0.80561   0.63214   0.00000   1.00000   0.00000   3.00000
   121     3     4     4   1.94340   0.20935   0.40684   1.00000   0.00000   0.00000   1.00000
   122     3     4     5   1.56576   0.28972   0.45363   1.00000   0.00000   0.00000   1.00000
   123     3     4     6  23.10844   0.00187   0.04319   0.00000   0.00000   0.00000   1.00000
   124     3     4     7   0.49328   2.05607   1.01421   1.00000   1.00000   0.00000   5.00000
   125     3     4     8   0.57809   2.63925   1.52571   0.00000   4.00000   0.00000   7.00000
   126     3     4     9  13.31666   0.00561   0.07467   0.00000   0.00000   0.00000   1.00000
   127     3     5     1   0.41007   4.83551   1.98288   3.00000   5.00000   0.00000  10.00000
   128     3     5     2  10.29563   0.00935   0.09622   0.00000   0.00000   0.00000   1.00000
   129     3     5     5   3.36923   0.08785   0.29599   0.00000   0.00000   0.00000   2.00000
   130     3     5     6   0.96070   0.71776   0.68955   1.00000   1.00000   0.00000   3.00000
   131     3     5     7   1.76963   0.33832   0.59870   0.00000   1.00000   0.00000   4.00000
   132     3     5     8   0.55998   1.50841   0.84468   1.00000   1.00000   0.00000   4.00000
   133     3     5     9   2.27987   0.18131   0.41336   0.00000   0.00000   0.00000   2.00000
   134     3     6     1   0.73647   2.12523   1.56516   3.00000   2.00000   0.00000   9.00000
   135     3     6     2   1.83019   0.22991   0.42077   0.00000   1.00000   0.00000   1.00000
   136     3     6     6   0.89500   0.56262   0.50354   0.00000   1.00000   0.00000   2.00000
   137     3     6     7   4.41270   0.05234   0.23095   0.00000   0.00000   0.00000   2.00000
   138     3     6     8   1.05680   0.73271   0.77433   3.00000   3.00000   0.00000   3.00000
   139     3     6     9   0.65132   3.44673   2.24492   9.00000   4.00000   0.00000  12.00000
   140     4     1     1   0.21061   9.13832   1.92464   7.00000  11.00000   2.00000  14.00000
   141     4     1     2   0.55847   4.33458   2.42075  10.00000   1.00000   0.00000  12.00000
   142     4     1     3   1.06609   1.14019   1.21554   2.00000   0.00000   0.00000   6.00000
   143     4     1     6  10.29563   0.00935   0.09622   1.00000   0.00000   0.00000   1.00000
   144     4     1     7   0.46775   2.82804   1.32283   2.00000   2.00000   0.00000   6.00000
   145     4     1     8   0.34431   5.80000   1.99701   7.00000   7.00000   0.00000  12.00000
   146     4     1     9   0.73063   3.64860   2.66579   1.00000   5.00000   0.00000  12.00000
   147     4     2     1   0.48167   4.32897   2.08515   7.00000   5.00000   0.00000  10.00000
   148     4     2     2   2.74346   0.14953   0.41024   0.00000   0.00000   0.00000   2.00000
   149     4     2     3  23.10844   0.00187   0.04319   0.00000   0.00000   0.00000   1.00000
   150     4     2     5  16.32483   0.00374   0.06103   0.00000   0.00000   0.00000   1.00000
   151     4     2     6   1.02893   0.99252   1.02124   0.00000   1.00000   0.00000   4.00000
   152     4     2     7   0.33311   4.90280   1.63315   2.00000   7.00000   1.00000   9.00000
   153     4     2     8   1.82656   0.30654   0.55992   0.00000   0.00000   0.00000   3.00000
   154     4     2     9   0.43055   1.71028   0.73636   2.00000   2.00000   0.00000   4.00000
   155     4     3     1   1.06468   0.93271   0.99304   0.00000   1.00000   0.00000   4.00000
   156     4     3     4  23.10844   0.00187   0.04319   0.00000   0.00000   0.00000   1.00000
   157     4     3     5   0.55216   0.76636   0.42315   1.00000   0.00000   0.00000   1.00000
   158     4     3     6   0.31545   1.15888   0.36556   1.00000   1.00000   1.00000   2.00000
   159     4     3     7   0.66844   1.03925   0.69467   0.00000   1.00000   0.00000   3.00000
   160     4     3     8   0.81015   0.60374   0.48912   0.00000   1.00000   0.00000   1.00000
   161     4     3     9   0.55269   1.43738   0.79443   0.00000   0.00000   0.00000   3.00000
   162     4     4     1   0.47585   3.90841   1.85981   1.00000   6.00000   0.00000   9.00000
   163     4     4     2   5.35931   0.03364   0.18031   0.00000   0.00000   0.00000   1.00000
   164     4     4     6   0.36076   1.21869   0.43965   1.00000   1.00000   0.00000   2.00000
   165     4     4     7   0.63903   0.94579   0.60439   1.00000   1.00000   0.00000   3.00000
   166     4     4     8   2.27497   0.22617   0.51452   2.00000   0.00000   0.00000   2.00000
   167     4     4     9   2.84039   0.11028   0.31324   0.00000   1.00000   0.00000   1.00000
   168     4     5     1   0.26061   8.42804   2.19642   2.00000   8.00000   1.00000  13.00000
   169     4     5     2   0.64302   1.41682   0.91104   2.00000   3.00000   0.00000   4.00000
   170     4     5     3   1.12133   0.44299   0.49674   1.00000   0.00000   0.00000   1.00000
   171     4     5     4   1.12521   0.51215   0.57628   0.00000   0.00000   0.00000   2.00000
   172     4     5     7   3.31646   0.09907   0.32855   0.00000   0.00000   0.00000   2.00000
   173     4     5     8   0.97957   1.21121   1.18648   1.00000   0.00000   0.00000   5.00000
   174     4     5     9   3.55712   0.08598   0.30585   1.00000   0.00000   0.00000   2.00000
   175     4     6     1   0.32797   7.28972   2.39083   7.00000   8.00000   1.00000  14.00000
   176     4     6     2   0.63540   1.19252   0.75773   2.00000   1.00000   0.00000   5.00000
   177     4     6     3   1.78463   0.28037   0.50036   0.00000   0.00000   0.00000   3.00000
   178     4     6     7   7.24569   0.01869   0.13543   0.00000   0.00000   0.00000   1.00000
   179     4     6     8   0.71063   1.74579   1.24061   1.00000   3.00000   0.00000   6.00000
   180     4     6     9   1.44375   1.49720   2.16158   7.00000   0.00000   0.00000  10.00000
   181     5     1     1   0.62707   2.45981   1.54247   0.00000   7.00000   0.00000   8.00000
   182     5     1     2   0.86754   1.78692   1.55022   5.00000   1.00000   0.00000   7.00000
   183     5     1     3   1.01598   0.95327   0.96851   1.00000   0.00000   0.00000   5.00000
   184     5     1     4   8.68496   0.01308   0.11364   0.00000   0.00000   0.00000   1.00000
   185     5     1     5   1.39177   0.41682   0.58012   1.00000   0.00000   0.00000   3.00000
   186     5     1     6   0.34845   2.17570   0.75811   3.00000   2.00000   0.00000   4.00000
   187     5     1     7   0.27414   7.54766   2.06915   4.00000   9.00000   2.00000  14.00000
   188     5     1     8   0.24428   8.80374   2.15059   5.00000  11.00000   3.00000  14.00000
   189     5     1     9   0.20779   9.81682   2.03981   6.00000  11.00000   3.00000  15.00000
   190     5     2     1   0.44323   3.31589   1.46970   5.00000   0.00000   0.00000   8.00000
   191     5     2     2  23.10844   0.00187   0.04319   0.00000   0.00000   0.00000   1.00000
   192     5     2     3  14.12887   0.00748   0.10564   0.00000   0.00000   0.00000   2.00000
   193     5     2     4   3.29657   0.08785   0.28961   0.00000   0.00000   0.00000   2.00000
   194     5     2     5   3.38258   0.08037   0.27187   1.00000   0.00000   0.00000   1.00000
   195     5     2     6   0.60005   1.81121   1.08682   1.00000   2.00000   0.00000   6.00000
   196     5     2     7   0.68482   2.44860   1.67686   0.00000   2.00000   0.00000   7.00000
   197     5     2     8   0.80576   1.63925   1.32084   0.00000   3.00000   0.00000   6.00000
   198     5     2     9   0.85984   2.64112   2.27094   1.00000   4.00000   0.00000   9.00000
   199     5     3     1   1.40590   0.48785   0.68587   1.00000   1.00000   0.00000   3.00000
   200     5     3     3   0.30568   0.93645   0.28626   1.00000   1.00000   0.00000   2.00000
   201     5     3     4   0.41612   1.07477   0.44723   2.00000   1.00000   0.00000   4.00000
   202     5     3     5   1.44050   0.55514   0.79968   2.00000   1.00000   0.00000   4.00000
   203     5     3     6   0.24856   4.76449   1.18426   6.00000   5.00000   2.00000   8.00000
   204     5     3     7   0.47293   1.74393   0.82475   2.00000   2.00000   0.00000   4.00000
   205     5     3     9   2.95605   0.13645   0.40335   0.00000   0.00000   0.00000   2.00000
   206     5     4     1   0.73074   2.01495   1.47241   0.00000   2.00000   0.00000   6.00000
   207     5     4     2  23.10844   0.00187   0.04319   0.00000   0.00000   0.00000   1.00000
   208     5     4     3   3.34052   0.08224   0.27473   1.00000   0.00000   0.00000   1.00000
   209     5     4     5   0.33811   1.21495   0.41079   1.00000   2.00000   1.00000   2.00000
   210     5     4     6   0.24022   4.05421   0.97389   2.00000   3.00000   1.00000   6.00000
   211     5     4     7   0.27019   3.62056   0.97824   0.00000   3.00000   0.00000   6.00000
   212     5     4     8   9.19783   0.01869   0.17192   1.00000   0.00000   0.00000   2.00000
   213     5     4     9   3.22226   0.08785   0.28308   0.00000   0.00000   0.00000   1.00000
   214     5     5     1   0.36004   5.80935   2.09162   4.00000   4.00000   1.00000  12.00000
   215     5     5     2   1.62341   0.30841   0.50068   0.00000   0.00000   0.00000   2.00000
   216     5     5     3   2.62062   0.12710   0.33309   0.00000   0.00000   0.00000   1.00000
   217     5     5     4   0.70922   0.75140   0.53291   1.00000   1.00000   0.00000   2.00000
   218     5     5     5   0.07426   1.00561   0.07467   1.00000   1.00000   1.00000   2.00000
   219     5     5     6   0.90079   0.64486   0.58088   0.00000   1.00000   0.00000   2.00000
   220     5     5     7   0.70183   1.11963   0.78579   0.00000   1.00000   0.00000   3.00000
   221     5     5     8   0.43928   3.86355   1.69719   4.00000   2.00000   1.00000   9.00000
   222     5     5     9  10.29563   0.00935   0.09622   1.00000   0.00000   0.00000   1.00000
   223     5     6     1   0.24262   8.35514   2.02716   8.00000  11.00000   1.00000  15.00000
   224     5     6     2   0.67547   1.05794   0.71461   1.00000   1.00000   0.00000   3.00000
   225     5     6     3   5.86489   0.04299   0.25214   0.00000   0.00000   0.00000   3.00000
   226     5     6     4  23.10844   0.00187   0.04319   0.00000   0.00000   0.00000   1.00000
   227     5     6     7   4.88098   0.04673   0.22808   0.00000   0.00000   0.00000   2.00000
   228     5     6     8   0.72292   1.40935   1.01884   1.00000   2.00000   0.00000   5.00000
   229     5     6     9   1.45328   1.25421   1.82272   9.00000   0.00000   0.00000   9.00000
   230     6     1     1   0.42790   3.53084   1.51086   1.00000   6.00000   0.00000   9.00000
   231     6     1     2   0.37180   1.26729   0.47118   1.00000   1.00000   0.00000   3.00000
   232     6     1     3  13.31666   0.00561   0.07467   0.00000   0.00000   0.00000   1.00000
   233     6     1     5   6.05121   0.02991   0.18097   0.00000   0.00000   0.00000   2.00000
   234     6     1     6   0.40454   1.96262   0.79396   2.00000   1.00000   0.00000   4.00000
   235     6     1     7   0.44853   5.27477   2.36588   7.00000   2.00000   0.00000  12.00000
   236     6     1     8   0.16551  10.33271   1.71021   9.00000  13.00000   6.00000  15.00000
   237     6     1     9   0.15406  10.69720   1.64797  11.00000  12.00000   5.00000  15.00000
   238     6     2     1   0.27577   4.17009   1.14999   1.00000   4.00000   1.00000   7.00000
   239     6     2     2   0.98535   0.84112   0.82880   0.00000   1.00000   0.00000   4.00000
   240     6     2     3   0.44045   2.59813   1.14435   1.00000   3.00000   0.00000   6.00000
   241     6     2     4   0.55287   1.53458   0.84843   1.00000   2.00000   0.00000   4.00000
   242     6     2     5   2.43705   0.19626   0.47830   1.00000   0.00000   0.00000   3.00000
   243     6     2     6   1.56835   0.35327   0.55405   0.00000   2.00000   0.00000   2.00000
   244     6     2     7   0.55338   1.51028   0.83576   2.00000   2.00000   0.00000   4.00000
   245     6     2     8   0.44455   4.33271   1.92610   1.00000   6.00000   0.00000   9.00000
   246     6     2     9   0.29986   8.25047   2.47395   6.00000   8.00000   1.00000  14.00000
   247     6     3     1   0.86671   1.13645   0.98497   3.00000   0.00000   0.00000   6.00000
   248     6     3     2   1.02233   0.71028   0.72614   3.00000   0.00000   0.00000   3.00000
   249     6     3     3   0.65562   1.85421   1.21565   2.00000   0.00000   0.00000   5.00000
   250     6     3     4   0.42750   2.59252   1.10831   2.00000   2.00000   0.00000   6.00000
   251     6     3     5   0.57081   1.88037   1.07333   2.00000   0.00000   0.00000   5.00000
   252     6     3     6   2.21838   0.17944   0.39807   1.00000   2.00000   0.00000   2.00000
   253     6     3     7   0.27376   2.35888   0.64576   1.00000   3.00000   0.00000   4.00000
   254     6     3     8   3.89348   0.06542   0.25471   1.00000   0.00000   0.00000   2.00000
   255     6     3     9   0.40807   4.05047   1.65289   2.00000   4.00000   0.00000   9.00000
   256     6     4     1   1.54864   0.33084   0.51235   0.00000   1.00000   0.00000   2.00000
   257     6     4     2   0.26454   0.93832   0.24823   1.00000   1.00000   0.00000   2.00000
   258     6     4     4   6.90191   0.02056   0.14191   0.00000   0.00000   0.00000   1.00000
   259     6     4     5   5.07445   0.03738   0.18970   0.00000   0.00000   0.00000   1.00000
   260     6     4     6   1.19659   0.41121   0.49205   1.00000   1.00000   0.00000   1.00000
   261     6     4     7   0.57376   1.54206   0.88477   1.00000   3.00000   0.00000   5.00000
   262     6     4     8   0.25751   2.08037   0.53572   2.00000   2.00000   0.00000   4.00000
   263     6     4     9   0.79220   2.28037   1.80650   1.00000   4.00000   0.00000   8.00000
   264     6     5     1   0.89133   0.95140   0.84802   0.00000   1.00000   0.00000   4.00000
   265     6     5     2   2.95420   0.10280   0.30370   0.00000   1.00000   0.00000   1.00000
   266     6     5     3  23.10844   0.00187   0.04319   0.00000   0.00000   0.00000   1.00000
   267     6     5     4   0.15147   0.97757   0.14808   1.00000   1.00000   0.00000   1.00000
   268     6     5     5   0.28835   1.00561   0.28997   1.00000   1.00000   0.00000   2.00000
   269     6     5     6   0.65615   0.91589   0.60096   0.00000   1.00000   0.00000   3.00000
   270     6     5     7   0.45276   2.00748   0.90891   0.00000   1.00000   0.00000   5.00000
   271     6     5     8   0.40160   4.91589   1.97423   7.00000   3.00000   1.00000  10.00000
   272     6     5     9   0.62714   2.23364   1.40080   2.00000   0.00000   0.00000   7.00000
   273     6     6     1   0.35397   5.88411   2.08278   5.00000   6.00000   1.00000  13.00000
   274     6     6     2   0.90802   1.55327   1.41040   0.00000   1.00000   0.00000   7.00000
   275     6     6     3   4.42700   0.05794   0.25652   0.00000   0.00000   0.00000   2.00000
   276     6     6     4  23.10844   0.00187   0.04319   0.00000   0.00000   0.00000   1.00000
   277     6     6     5   2.04353   0.22804   0.46600   0.00000   0.00000   0.00000   2.00000
   278     6     6     6   3.40945   0.10467   0.35688   1.00000   0.00000   0.00000   2.00000
   279     6     6     7   0.93410   1.03925   0.97076   2.00000   1.00000   0.00000   5.00000
   280     6     6     8   0.29541   6.91963   2.04416   4.00000   6.00000   2.00000  12.00000
   281     6     6     9   0.26484   7.59252   2.01080   7.00000   8.00000   1.00000  14.00000
   282     7     1     1   1.07928   1.20187   1.29716   5.00000   0.00000   0.00000   6.00000
   283     7     1     2   0.43762   0.84299   0.36891   0.00000   1.00000   0.00000   2.00000
   284     7     1     4  13.31666   0.00561   0.07467   0.00000   0.00000   0.00000   1.00000
   285     7     1     5   3.54856   0.09159   0.32501   0.00000   0.00000   0.00000   2.00000
   286     7     1     6   0.55751   2.20187   1.22756   0.00000   1.00000   0.00000   5.00000
   287     7     1     7   0.38925   5.56822   2.16741   6.00000   8.00000   1.00000  11.00000
   288     7     1     8   0.14789  10.71402   1.58453  12.00000  10.00000   5.00000  15.00000
   289     7     1     9   0.15875  10.64673   1.69012  12.00000  12.00000   6.00000  15.00000
   290     7     2     1   0.45569   3.59626   1.63878   1.00000   3.00000   0.00000   8.00000
   291     7     2     2   1.06852   0.54393   0.58120   0.00000   1.00000   0.00000   2.00000
   292     7     2     3   2.14648   0.22804   0.48948   0.00000   0.00000   0.00000   2.00000
   293     7     2     4   3.27752   0.10093   0.33081   0.00000   0.00000   0.00000   2.00000
   294     7     2     5   2.78756   0.11402   0.31783   1.00000   0.00000   0.00000   1.00000
   295     7     2     6   3.16743   0.10654   0.33746   0.00000   0.00000   0.00000   2.00000
   296     7     2     7   0.31188   3.29720   1.02833   3.00000   2.00000   0.00000   6.00000
   297     7     2     8   0.18879   9.58505   1.80957   8.00000   9.00000   3.00000  14.00000
   298     7     2     9   0.16003  10.64486   1.70350  10.00000  13.00000   5.00000  16.00000
   299     7     3     1   0.89619   1.17196   1.05030   3.00000   0.00000   0.00000   5.00000
   300     7     3     2   1.64760   0.27290   0.44962   0.00000   0.00000   0.00000   2.00000
   301     7     3     3  23.10844   0.00187   0.04319   0.00000   0.00000   0.00000   1.00000
   302     7     3     4  10.29563   0.00935   0.09622   0.00000   0.00000   0.00000   1.00000
   303     7     3     5  13.31666   0.00561   0.07467   0.00000   0.00000   0.00000   1.00000
   304     7     3     6   8.68496   0.01308   0.11364   0.00000   0.00000   0.00000   1.00000
   305     7     3     7   2.00154   0.22617   0.45268   0.00000   1.00000   0.00000   2.00000
   306     7     3     8   0.26364   4.26168   1.12355   3.00000   4.00000   1.00000   7.00000
   307     7     3     9   0.15913  10.31589   1.64153  10.00000  10.00000   7.00000  15.00000
   308     7     4     1   0.68468   1.19439   0.81777   0.00000   2.00000   0.00000   3.00000
   309     7     4     2   3.20926   0.12336   0.39591   0.00000   0.00000   0.00000   2.00000
   310     7     4     6   4.42458   0.04860   0.21503   0.00000   0.00000   0.00000   1.00000
   311     7     4     7   0.63777   1.53832   0.98110   5.00000   0.00000   0.00000   5.00000
   312     7     4     8   0.90862   0.91963   0.83559   3.00000   1.00000   0.00000   5.00000
   313     7     4     9   0.26443   6.67290   1.76453   9.00000   9.00000   2.00000  13.00000
   314     7     5     1   0.47301   3.00374   1.42080   4.00000   1.00000   0.00000   8.00000
   315     7     5     2   3.70304   0.07477   0.27686   1.00000   0.00000   0.00000   2.00000
   316     7     5     4  16.32483   0.00374   0.06103   0.00000   0.00000   0.00000   1.00000
   317     7     5     5   8.68496   0.01308   0.11364   0.00000   0.00000   0.00000   1.00000
   318     7     5     6   0.41616   1.35888   0.56551   1.00000   2.00000   0.00000   3.00000
   319     7     5     7   0.34510   4.05794   1.40040   5.00000   7.00000   1.00000   9.00000
   320     7     5     8   0.79772   2.91776   2.32756   8.00000   1.00000   0.00000  10.00000
   321     7     5     9   0.35531   6.87664   2.44332  10.00000   6.00000   0.00000  14.00000
   322     7     6     1   0.27350   6.93084   1.89561   8.00000   7.00000   2.00000  14.00000
   323     7     6     2   0.74821   2.67290   1.99989   0.00000   2.00000   0.00000  12.00000
   324     7     6     3   4.59007   0.07477   0.34318   0.00000   0.00000   0.00000   4.00000
   325     7     6     4  16.32483   0.00374   0.06103   0.00000   0.00000   0.00000   1.00000
   326     7     6     5  11.52172   0.00748   0.08614   0.00000   0.00000   0.00000   1.00000
   327     7     6     6   1.04785   0.79813   0.83632   3.00000   1.00000   0.00000   4.00000
   328     7     6     7   0.34338   4.95701   1.70212   2.00000   7.00000   0.00000  10.00000
   329     7     6     8   0.15717  10.65607   1.67484  12.00000  12.00000   6.00000  15.00000
   330     7     6     9   0.15758  10.42991   1.64352   9.00000  12.00000   6.00000  17.00000
   331     8     1     1   0.24183   6.10093   1.47537   4.00000   8.00000   1.00000  10.00000
   332     8     1     2   2.51397   0.22991   0.57798   0.00000   0.00000   0.00000   4.00000
   333     8     1     4   6.05121   0.02991   0.18097   0.00000   0.00000   0.00000   2.00000
   334     8     1     5   2.62862   0.15140   0.39798   0.00000   2.00000   0.00000   2.00000
   335     8     1     6   0.95335   0.93458   0.89098   0.00000   1.00000   0.00000   4.00000
   336     8     1     7   0.31750   7.29346   2.31570  12.00000   7.00000   1.00000  14.00000
   337     8     1     8   0.15433  10.59626   1.63536  11.00000  11.00000   5.00000  15.00000
   338     8     1     9   0.16019  10.55140   1.69018  10.00000   7.00000   6.00000  15.00000
   339     8     2     1   0.40586   4.50654   1.82901   2.00000   6.00000   1.00000   9.00000
   340     8     2     2   2.33470   0.18879   0.44076   0.00000   0.00000   0.00000   2.00000
   341     8     2     3   4.32673   0.05421   0.23453   0.00000   0.00000   0.00000   2.00000
   342     8     2     4   1.83749   0.28785   0.52892   1.00000   0.00000   0.00000   2.00000
   343     8     2     5   0.65124   1.29159   0.84113   0.00000   1.00000   0.00000   5.00000
   344     8     2     6  23.10844   0.00187   0.04319   0.00000   0.00000   0.00000   1.00000
   345     8     2     7   0.56982   2.20187   1.25467   0.00000   2.00000   0.00000   6.00000
   346     8     2     8   0.22999   7.91589   1.82055   6.00000  10.00000   3.00000  13.00000
   347     8     2     9   0.14720  10.65234   1.56798  11.00000  12.00000   6.00000  16.00000
   348     8     3     1   0.68344   1.94393   1.32856   3.00000   2.00000   0.00000   6.00000
   349     8     3     2   3.07160   0.10280   0.31577   0.00000   0.00000   0.00000   2.00000
   350     8     3     3  13.31666   0.00561   0.07467   0.00000   0.00000   0.00000   1.00000
   351     8     3     4  12.19836   0.00935   0.11400   0.00000   0.00000   0.00000   2.00000
   352     8     3     6   1.14282   0.43364   0.49558   0.00000   0.00000   0.00000   1.00000
   353     8     3     7   2.48778   0.14953   0.37200   1.00000   0.00000   0.00000   2.00000
   354     8     3     8   0.42620   4.76636   2.03143   5.00000   4.00000   0.00000  10.00000
   355     8     3     9   0.17212  10.36075   1.78330   7.00000  13.00000   5.00000  16.00000
   356     8     4     1   1.29237   0.66355   0.85755   0.00000   0.00000   0.00000   4.00000
   357     8     4     2  16.32483   0.00374   0.06103   0.00000   0.00000   0.00000   1.00000
   358     8     4     6   1.57992   0.28972   0.45773   1.00000   0.00000   0.00000   2.00000
   359     8     4     7   1.03958   1.30093   1.35243   4.00000   3.00000   0.00000   6.00000
   360     8     4     8   0.50509   2.31028   1.16691   2.00000   3.00000   0.00000   7.00000
   361     8     4     9   0.22130   8.02804   1.77658   7.00000   6.00000   2.00000  14.00000
   362     8     5     1   0.70785   2.63551   1.86554   0.00000   2.00000   0.00000   9.00000
   363     8     5     2   2.42440   0.29720   0.72052   0.00000   0.00000   0.00000   4.00000
   364     8     5     6   2.75633   0.12336   0.34003   0.00000   1.00000   0.00000   2.00000
   365     8     5     7   0.51698   2.71402   1.40310   5.00000   5.00000   0.00000   7.00000
   366     8     5     8   0.35637   5.00935   1.78517   9.00000   5.00000   1.00000  10.00000
   367     8     5     9   0.23665   7.58878   1.79591   9.00000   7.00000   1.00000  13.00000
   368     8     6     1   0.23868   8.06916   1.92594   5.00000   6.00000   3.00000  14.00000
   369     8     6     2   0.58240   2.82430   1.64486   3.00000   3.00000   0.00000   9.00000
   370     8     6     3  10.29563   0.00935   0.09622   0.00000   0.00000   0.00000   1.00000
   371     8     6     4  16.32483   0.00374   0.06103   0.00000   0.00000   0.00000   1.00000
   372     8     6     6   1.51482   0.39065   0.59177   1.00000   0.00000   0.00000   3.00000
   373     8     6     7   0.30428   6.15327   1.87229   8.00000   8.00000   2.00000  12.00000
   374     8     6     8   0.15325  10.52336   1.61272   9.00000   9.00000   6.00000  15.00000
   375     8     6     9   0.14771  10.68224   1.57788  11.00000  10.00000   7.00000  14.00000
   376     9     1     1   0.45636   3.91028   1.78451   5.00000   2.00000   0.00000   9.00000
   377     9     1     2   2.15156   0.22243   0.47857   0.00000   0.00000   0.00000   3.00000
   378     9     1     6   3.09476   0.17383   0.53797   0.00000   0.00000   0.00000   4.00000
   379     9     1     7   0.39107   5.96822   2.33401   7.00000   7.00000   0.00000  13.00000
   380     9     1     8   0.17902  10.16449   1.81969  12.00000  13.00000   3.00000  15.00000
   381     9     1     9   0.15353  10.72523   1.64664   8.00000  13.00000   6.00000  16.00000
   382     9     2     1   1.07303   0.80561   0.86444   0.00000   1.00000   0.00000   4.00000
   383     9     2     2   1.37532   0.50467   0.69408   0.00000   0.00000   0.00000   3.00000
   384     9     2     3   3.83866   0.06355   0.24395   1.00000   0.00000   0.00000   1.00000
   385     9     2     4   2.17177   0.18879   0.41000   0.00000   0.00000   0.00000   2.00000
   386     9     2     5  10.29563   0.00935   0.09622   0.00000   0.00000   0.00000   1.00000
   387     9     2     6   4.61429   0.04486   0.20700   0.00000   0.00000   0.00000   1.00000
   388     9     2     7   0.53192   2.56449   1.36411   2.00000   2.00000   0.00000   7.00000
   389     9     2     8   0.17830   9.93458   1.77137  10.00000   8.00000   4.00000  17.00000
   390     9     2     9   0.15823  10.56635   1.67187   9.00000  10.00000   6.00000  15.00000
   391     9     3     1   0.69878   1.26542   0.88424   2.00000   2.00000   0.00000   4.00000
   392     9     3     2   1.85966   0.22430   0.41712   0.00000   1.00000   0.00000   1.00000
   393     9     3     3   4.82889   0.04112   0.19857   0.00000   0.00000   0.00000   1.00000
   394     9     3     4   4.09435   0.05981   0.24490   0.00000   0.00000   0.00000   2.00000
   395     9     3     5  11.52172   0.00748   0.08614   0.00000   0.00000   0.00000   1.00000
   396     9     3     6   1.31387   0.50093   0.65816   1.00000   0.00000   0.00000   2.00000
   397     9     3     7   0.69399   2.10280   1.45932   4.00000   2.00000   0.00000   7.00000
   398     9     3     8   0.21945   8.59065   1.88519   6.00000   9.00000   3.00000  13.00000
   399     9     3     9   0.14957  10.67850   1.59714  11.00000   8.00000   6.00000  15.00000
   400     9     4     1   0.70460   2.06168   1.45266   2.00000   2.00000   0.00000   7.00000
   401     9     4     2   3.33708   0.08598   0.28693   0.00000   0.00000   0.00000   2.00000
   402     9     4     3  10.29563   0.00935   0.09622   0.00000   0.00000   0.00000   1.00000
   403     9     4     5   8.11634   0.01495   0.12137   0.00000   0.00000   0.00000   1.00000
   404     9     4     6   3.61648   0.07103   0.25687   0.00000   0.00000   0.00000   1.00000
   405     9     4     7   0.68211   2.03738   1.38972   1.00000   2.00000   0.00000   6.00000
   406     9     4     8   0.55240   3.71215   2.05061   2.00000   5.00000   0.00000  10.00000
   407     9     4     9   0.24506   8.41682   2.06259  11.00000   9.00000   2.00000  14.00000
   408     9     5     1   0.42042   4.24299   1.78384   5.00000   4.00000   0.00000  10.00000
   409     9     5     2   0.82059   1.47850   1.21325   4.00000   0.00000   0.00000   5.00000
   410     9     5     3   1.70095   0.27103   0.46100   1.00000   0.00000   0.00000   2.00000
   411     9     5     6   4.50362   0.05047   0.22729   0.00000   0.00000   0.00000   2.00000
   412     9     5     7   0.48265   3.46355   1.67167   6.00000   2.00000   0.00000   8.00000
   413     9     5     8   0.40318   6.74579   2.71975  10.00000   5.00000   0.00000  13.00000
   414     9     5     9   0.16151  10.25421   1.65616  11.00000  12.00000   5.00000  17.00000
   415     9     6     1   0.20580   8.87477   1.82639  10.00000  11.00000   4.00000  14.00000
   416     9     6     2   0.65325   3.03178   1.98049   3.00000   0.00000   0.00000  10.00000
   417     9     6     3   3.77373   0.06916   0.26099   0.00000   0.00000   0.00000   2.00000
   418     9     6     6   1.64558   0.50654   0.83356   0.00000   1.00000   0.00000   5.00000
   419     9     6     7   0.26409   7.21495   1.90537   5.00000   9.00000   1.00000  13.00000
   420     9     6     8   0.14946  10.67850   1.59596  12.00000   9.00000   6.00000  15.00000
   421     9     6     9   0.15524  10.52897   1.63450  12.00000  11.00000   6.00000  15.00000
