       0.000  1.0000000E+00  1.0000000E+00  1.0000000E+00
       2.000  6.7316784E-01  1.1601382E-01  3.9459083E-01
       0.000  1.0000000E+00  1.0000000E+00  1.0000000E+00
       4.000  5.5493938E-01 -9.4246389E-03  2.7275737E-01
       0.000  1.0000000E+00  1.0000000E+00  1.0000000E+00
       6.000  5.3272684E-01  4.9064411E-02  2.9089563E-01
       0.000  1.0000000E+00  1.0000000E+00  1.0000000E+00
       8.000  4.8457127E-01  3.3819245E-03  2.4397660E-01
       0.000  1.0000000E+00  1.0000000E+00  1.0000000E+00
      10.000  4.6791887E-01 -2.2781289E-03  2.3282037E-01
       0.000  1.0000000E+00  1.0000000E+00  1.0000000E+00
      12.000  4.3941825E-01 -2.8898801E-02  2.0525973E-01
       0.000  1.0000000E+00  1.0000000E+00  1.0000000E+00
      14.000  4.5790042E-01 -6.2715265E-03  2.2581444E-01
       0.000  1.0000000E+00  1.0000000E+00  1.0000000E+00
      16.000  4.3015881E-01  8.0825463E-03  2.1912068E-01
       0.000  1.0000000E+00  1.0000000E+00  1.0000000E+00
      18.000  3.7907537E-01  5.8999097E-02  2.1903723E-01
       0.000  1.0000000E+00  1.0000000E+00  1.0000000E+00
      20.000  3.1981632E-01 -4.9748328E-04  1.5965942E-01
